KEY_CODE,HTKSYORI,HTKSAKI,GASSAN,T000847001,T000847002,T000847003,T000847004,T000847005,T000847006,T000847007,T000847008,T000847009,T000847010,T000847011,T000847012,T000847013,T000847014,T000847015,T000847016,T000847017,T000847018,T000847019,T000847020,T000847021,T000847022,T000847023,T000847024,T000847025,T000847026,T000847027,T000847028,T000847029,T000847030,T000847031,T000847032,T000847033,T000847034,T000847035,T000847036,T000847037,T000847038,T000847039,T000847040,T000847041
,,,,Å@êlå˚ëçêî,Å@êlå˚ëçêîÅ@íj,Å@êlå˚ëçêîÅ@èó,Å@ÇOÅ`ÇPÇSçŒêlå˚ëçêî,Å@ÇOÅ`ÇPÇSçŒêlå˚Å@íj,Å@ÇOÅ`ÇPÇSçŒêlå˚Å@èó,Å@ÇPÇTçŒà»è„êlå˚ëçêî,Å@ÇPÇTçŒà»è„êlå˚Å@íj,Å@ÇPÇTçŒà»è„êlå˚Å@èó,Å@ÇPÇTÅ`ÇUÇSçŒêlå˚ëçêî,Å@ÇPÇTÅ`ÇUÇSçŒêlå˚Å@íj,Å@ÇPÇTÅ`ÇUÇSçŒêlå˚Å@èó,Å@ÇQÇOçŒà»è„êlå˚ëçêî,Å@ÇQÇOçŒà»è„êlå˚Å@íj,Å@ÇQÇOçŒà»è„êlå˚Å@èó,Å@ÇUÇTçŒà»è„êlå˚ëçêî,Å@ÇUÇTçŒà»è„êlå˚Å@íj,Å@ÇUÇTçŒà»è„êlå˚Å@èó,Å@ÇVÇTçŒà»è„êlå˚ëçêî,Å@ÇVÇTçŒà»è„êlå˚Å@íj,Å@ÇVÇTçŒà»è„êlå˚Å@èó,Å@äOçëêlêlå˚ëçêî,Å@äOçëêlêlå˚Å@íj,Å@äOçëêlêlå˚Å@èó,Å@ê¢ë—ëçêî,Å@àÍî ê¢ë—êî,Å@ÇPêlê¢ë—ÇÃàÍî ê¢ë—êî,Å@ÇQêlê¢ë—ÇÃàÍî ê¢ë—êî,Å@ÇRêlê¢ë—ÇÃàÍî ê¢ë—êî,Å@ÇSêlê¢ë—ÇÃàÍî ê¢ë—êî,Å@ÇTêlê¢ë—ÇÃàÍî ê¢ë—êî,Å@ÇUêlê¢ë—ÇÃàÍî ê¢ë—êî,Å@ÇVêlà»è„ê¢ë—ÇÃàÍî ê¢ë—êî,Å@êeë∞ÇÃÇ›ÇÃàÍî ê¢ë—êî,Å@äjâ∆ë∞ÇÃàÍî ê¢ë—êî,Å@äjâ∆ë∞à»äOÇÃàÍî ê¢ë—êî,Å@ÇUçŒñ¢ñûê¢ë—àıÇÃÇ¢ÇÈàÍî ê¢ë—êî,Å@ÇUÇTçŒà»è„ê¢ë—àıÇÃÇ¢ÇÈàÍî ê¢ë—êî,Å@ê¢ë—éÂÇÃîNóÓÇ™ÇQÇOÅ`ÇQÇXçŒÇÃÇPêlê¢ë—ÇÃàÍî ê¢ë—êî,Å@çÇóÓíPêgÇÃàÍî ê¢ë—êî,Å@çÇóÓïvïwÇÃÇ›ÇÃàÍî ê¢ë—êî
513007022,0,,,238,112,126,37,19,18,200,93,107,136,70,66,187,87,100,64,23,41,37,10,27,0,0,0,77,76,17,24,12,16,5,1,1,59,55,4,8,23,1,8,7
513007031,0,,,397,194,203,58,28,30,339,166,173,239,114,125,320,153,167,100,52,48,37,16,21,0,0,0,159,159,41,53,28,23,11,2,1,115,102,13,20,68,5,14,29
513007032,0,,,1755,803,952,261,133,128,1489,668,821,1026,487,539,1409,620,789,463,181,282,237,90,147,3,0,3,758,758,231,252,130,107,28,8,2,523,481,42,84,325,30,105,103
513007033,0,,,865,396,469,98,56,42,764,338,426,479,224,255,736,325,411,285,114,171,125,46,79,0,0,0,378,378,103,147,73,37,9,7,2,274,248,26,27,202,7,55,64
513007034,0,,,1732,820,912,248,122,126,1482,696,786,1055,530,525,1399,644,755,427,166,261,222,79,143,2,1,1,755,755,256,231,115,110,33,6,4,495,446,49,72,313,37,104,84
513007041,0,,,1442,656,786,187,85,102,1250,569,681,810,382,428,1174,528,646,440,187,253,220,89,131,15,6,9,594,594,159,196,115,87,28,6,3,431,382,49,56,297,15,89,102
513007042,0,,,1264,597,667,189,100,89,1070,493,577,709,340,369,1014,466,548,361,153,208,186,73,113,3,2,1,511,511,124,182,101,65,27,8,4,384,348,36,60,240,18,63,83
513007043,0,,,1381,659,722,234,125,109,1139,530,609,805,396,409,1087,505,582,334,134,200,179,69,110,7,4,3,624,624,237,172,103,81,22,7,2,382,352,30,100,224,65,74,75
513007044,0,,,638,308,330,134,67,67,494,236,258,455,217,238,475,225,250,39,19,20,19,6,13,3,1,2,314,314,157,56,48,41,11,1,0,155,146,9,63,33,51,11,8
513007051,0,,,279,130,149,32,14,18,244,114,130,178,85,93,231,107,124,66,29,37,22,7,15,1,0,1,122,122,36,40,26,15,5,0,0,86,79,7,6,44,4,9,16
513007052,0,,,942,473,469,137,81,56,793,384,409,629,311,318,740,355,385,164,73,91,75,34,41,11,5,6,431,431,156,139,61,58,12,3,2,266,253,13,40,113,33,35,34
513007053,0,,,1325,668,657,269,150,119,1038,507,531,929,458,471,1007,492,515,109,49,60,46,18,28,5,1,4,614,614,257,138,115,79,19,6,0,355,334,21,116,78,80,19,24
513007054,0,,,1834,840,994,222,110,112,1577,713,864,1245,578,667,1497,675,822,332,135,197,156,55,101,16,8,8,884,883,370,261,149,81,20,2,0,504,486,18,90,194,77,62,73
513007061,0,,,490,246,244,54,24,30,424,213,211,322,172,150,405,205,200,102,41,61,56,21,35,11,8,3,275,275,151,65,34,19,5,1,0,122,117,5,14,74,41,32,23
513007062,0,,,135,63,72,12,7,5,123,56,67,79,37,42,112,48,64,44,19,25,21,9,12,0,0,0,53,53,8,23,13,5,3,0,1,44,37,7,6,27,0,4,10
513007063,0,,,869,453,416,83,43,40,760,393,367,588,320,268,718,377,341,172,73,99,87,38,49,18,8,10,512,512,310,109,54,27,7,2,3,195,175,20,32,122,69,46,37
513007064,0,,,240,109,131,48,25,23,190,83,107,154,69,85,173,77,96,36,14,22,11,2,9,1,0,1,95,95,20,27,30,14,4,0,0,72,67,5,18,24,0,9,7
513007071,0,,,237,110,127,41,20,21,196,90,106,132,60,72,192,89,103,64,30,34,32,12,20,3,1,2,93,91,22,28,23,15,2,1,0,63,53,10,19,31,3,6,9
513007072,0,,,1092,530,562,143,69,74,945,457,488,748,371,377,893,429,464,197,86,111,65,27,38,9,5,4,408,405,112,125,84,55,16,9,4,289,261,28,56,114,16,26,31
513007073,0,,,798,393,405,129,63,66,662,325,337,512,256,256,632,305,327,150,69,81,55,19,36,5,2,3,297,297,55,97,73,41,24,4,3,236,209,27,38,102,7,14,24
513007074,0,,,1729,800,929,208,118,90,1515,677,838,891,393,498,1446,649,797,624,284,340,207,89,118,9,2,7,701,701,142,281,150,87,27,8,6,552,489,63,62,400,11,85,157
513007081,0,,,36,19,17,11,5,6,25,14,11,22,13,9,24,13,11,3,1,2,2,1,1,2,1,1,13,13,3,3,2,4,1,0,0,10,10,0,4,2,1,0,1
513007082,0,,,1255,635,620,180,97,83,1072,536,536,713,380,333,1008,503,505,359,156,203,172,68,104,3,1,2,559,558,196,168,98,64,26,4,2,357,325,32,40,237,60,64,84
513007083,0,,,602,278,324,50,30,20,551,247,304,284,130,154,531,238,293,267,117,150,139,56,83,5,3,2,251,251,49,114,48,24,12,3,1,200,172,28,15,172,2,39,71
513007084,0,,,931,434,497,111,53,58,819,380,439,542,260,282,784,367,417,277,120,157,117,46,71,2,0,2,406,406,110,148,89,41,14,4,0,295,271,24,33,186,13,47,59
513007091,0,,,1039,463,576,133,59,74,906,404,502,508,252,256,859,378,481,398,152,246,226,78,148,2,2,0,429,426,150,131,68,44,22,9,2,276,247,29,35,239,24,98,67
513007093,0,,,1789,860,929,293,167,126,1489,689,800,997,488,509,1427,656,771,492,201,291,247,87,160,1,1,0,753,753,219,233,161,99,29,8,4,532,484,48,99,351,14,122,100
513007094,0,,,181,80,101,18,11,7,163,69,94,80,42,38,157,66,91,83,27,56,40,10,30,0,0,0,103,103,57,30,7,5,2,1,1,45,43,2,3,69,0,44,13
513007131,0,,,505,247,258,50,28,22,455,219,236,275,143,132,434,207,227,180,76,104,77,27,50,3,2,1,214,214,55,84,41,16,14,3,1,159,140,19,9,124,1,39,36
513007132,0,,,1295,631,664,162,89,73,1132,541,591,721,367,354,1084,514,570,411,174,237,203,83,120,17,8,9,528,526,143,187,97,76,13,7,3,380,349,31,55,225,23,34,98
513007133,0,,,681,304,377,67,31,36,610,271,339,344,160,184,583,257,326,266,111,155,101,46,55,0,0,0,320,320,105,121,55,27,11,1,0,212,200,12,22,185,5,71,64
513007134,0,,,1159,538,621,140,74,66,1014,461,553,657,299,358,964,440,524,357,162,195,163,78,85,6,4,2,509,508,137,196,101,49,23,1,1,367,337,30,47,243,13,64,99
513007141,0,,,293,143,150,67,35,32,225,107,118,155,75,80,216,104,112,70,32,38,28,11,17,1,0,1,97,97,14,29,18,24,6,3,3,83,70,13,25,47,1,6,15
513007142,0,,,20,8,12,0,0,0,20,8,12,12,6,6,20,8,12,8,2,6,4,1,3,0,0,0,9,9,1,6,1,1,0,0,0,8,7,1,0,6,0,1,1
513007143,0,,,205,98,107,18,6,12,185,91,94,116,61,55,179,85,94,69,30,39,34,13,21,0,0,0,69,69,7,23,18,11,6,4,0,61,44,17,7,41,0,2,10
513007144,0,,,56,27,29,8,3,5,48,24,24,35,20,15,48,24,24,13,4,9,8,2,6,0,0,0,16,16,1,3,4,3,5,0,0,14,9,5,2,9,0,1,0
513007151,0,,,51,26,25,5,2,3,45,23,22,27,15,12,43,21,22,18,8,10,6,3,3,0,0,0,26,26,13,6,4,2,0,1,0,13,11,2,2,12,2,4,3
513007152,0,,,2019,927,1092,233,115,118,1775,805,970,1226,564,662,1694,767,927,549,241,308,226,87,139,12,6,6,974,974,342,360,158,92,18,3,1,628,603,25,70,408,16,153,141
513007153,0,,,141,68,73,22,11,11,119,57,62,70,35,35,118,56,62,49,22,27,27,11,16,2,1,1,53,53,9,19,14,7,2,0,2,43,36,7,8,31,1,7,10
513007154,0,,,814,404,410,133,74,59,674,324,350,456,229,227,646,310,336,218,95,123,122,47,75,1,1,0,342,342,102,112,57,48,16,5,2,235,210,25,44,150,13,39,53
513007161,0,,,1692,799,893,234,127,107,1443,664,779,1135,536,599,1371,634,737,308,128,180,135,47,88,15,9,6,794,794,346,194,113,101,29,8,3,443,407,36,64,230,72,90,55
513007162,0,,,563,271,292,102,57,45,460,213,247,375,177,198,430,196,234,85,36,49,33,12,21,0,0,0,233,233,64,75,45,37,9,2,1,169,157,12,29,58,8,14,17
513007163,0,,,1681,811,870,264,123,141,1401,680,721,1094,536,558,1335,647,688,307,144,163,124,52,72,18,11,7,653,652,199,202,131,91,25,3,1,446,421,25,94,154,28,38,52
513007164,0,,,396,193,203,41,21,20,354,171,183,271,134,137,333,161,172,83,37,46,44,15,29,2,1,1,174,174,63,41,37,25,8,0,0,110,99,11,14,60,9,18,15
513007171,0,,,713,357,356,168,84,84,541,272,269,455,232,223,491,249,242,86,40,46,39,18,21,1,1,0,265,265,63,71,54,47,25,4,1,199,190,9,44,62,15,12,26
513007172,0,,,35,18,17,6,4,2,29,14,15,14,7,7,29,14,15,15,7,8,7,4,3,0,0,0,14,14,3,8,0,1,1,0,1,11,9,2,2,9,1,0,5
513007173,0,,,455,228,227,87,49,38,368,179,189,273,135,138,341,164,177,95,44,51,34,17,17,5,3,2,159,159,18,51,44,34,8,2,2,140,125,15,30,59,2,8,23
513007174,0,,,1042,502,540,155,76,79,885,425,460,565,282,283,833,392,441,320,143,177,157,72,85,4,3,1,394,392,77,135,87,63,21,8,1,313,284,29,51,196,1,44,67
513007181,0,,,31,14,17,0,0,0,31,14,17,18,9,9,31,14,17,13,5,8,6,1,5,0,0,0,11,11,1,3,4,3,0,0,0,10,7,3,0,9,0,0,0
513007182,0,,,1138,545,593,89,50,39,1048,495,553,645,290,355,1006,476,530,403,205,198,120,49,71,2,1,1,471,471,84,209,105,52,15,5,1,383,350,33,23,264,1,47,117
513007183,0,,,138,65,73,4,2,2,134,63,71,60,30,30,131,63,68,74,33,41,39,15,24,0,0,0,59,59,15,24,12,4,1,3,0,44,34,10,1,47,0,9,16
513007184,0,,,952,446,506,166,84,82,785,361,424,619,286,333,719,335,384,166,75,91,61,23,38,10,4,6,325,325,33,111,71,73,30,7,0,290,259,31,38,107,3,11,42
513007191,0,,,1377,581,796,184,94,90,1191,485,706,777,315,462,1129,463,666,414,170,244,212,86,126,8,3,5,608,608,178,225,112,64,20,6,3,428,400,28,50,294,11,106,100
513007192,0,,,741,323,418,89,50,39,651,272,379,411,186,225,631,264,367,240,86,154,117,37,80,9,3,6,410,410,210,115,49,28,6,2,0,198,184,14,31,197,25,115,34
513007193,0,,,1225,598,627,138,66,72,1079,528,551,694,346,348,1040,508,532,385,182,203,168,68,100,12,8,4,518,517,140,188,107,48,29,4,1,374,333,41,46,250,33,56,86
513007194,0,,,819,389,430,73,33,40,740,352,388,482,239,243,719,339,380,258,113,145,122,52,70,31,3,28,380,379,150,114,70,31,11,3,0,227,204,23,20,160,28,39,52
513007231,0,,,83,37,46,10,8,2,73,29,44,50,20,30,68,28,40,23,9,14,12,2,10,0,0,0,35,34,12,11,5,6,0,0,0,22,22,0,3,9,2,4,4
513007232,0,,,1726,827,899,179,105,74,1540,718,822,957,483,474,1463,676,787,583,235,348,312,113,199,20,8,12,655,643,229,205,103,66,27,11,2,408,366,42,57,274,70,76,104
513007233,0,,,950,416,534,90,40,50,858,374,484,503,234,269,817,352,465,355,140,215,170,70,100,8,0,8,464,464,181,153,75,42,8,5,0,280,251,29,22,252,26,91,77
513007234,0,,,1185,542,643,158,88,70,1023,453,570,717,327,390,970,428,542,306,126,180,125,49,76,2,1,1,496,496,140,166,93,66,20,8,3,351,314,37,41,205,29,60,66
513007241,0,,,310,140,170,42,21,21,268,119,149,171,81,90,253,113,140,97,38,59,44,15,29,0,0,0,129,129,26,51,29,21,1,1,0,103,95,8,15,66,3,12,27
513007242,0,,,36,20,16,2,2,0,34,18,16,15,10,5,34,18,16,19,8,11,13,5,8,0,0,0,14,14,4,5,2,2,0,0,1,9,6,3,0,11,0,2,5
513007243,0,,,439,210,229,41,23,18,397,186,211,230,114,116,387,181,206,167,72,95,85,30,55,0,0,0,156,154,35,52,33,23,9,1,1,117,109,8,13,78,9,15,33
513007244,0,,,37,20,17,3,3,0,34,17,17,18,12,6,34,17,17,16,5,11,6,2,4,0,0,0,18,18,7,5,5,0,1,0,0,11,10,1,1,12,0,5,3
513007251,0,,,77,30,47,5,0,5,72,30,42,36,13,23,71,30,41,36,17,19,16,6,10,1,0,1,32,32,7,12,8,3,2,0,0,24,20,4,0,24,0,6,9
513007252,0,,,179,81,98,21,14,7,152,65,87,103,43,60,152,65,87,49,22,27,22,10,12,0,0,0,96,95,53,25,9,5,2,1,0,41,38,3,7,27,10,11,9
513007253,1,,513007254,40,17,23,6,3,3,40,17,23,24,11,13,39,17,22,16,6,10,8,2,6,0,0,0,14,14,1,9,3,2,2,0,0,16,14,2,0,11,0,0,5
513007254,2,513007253,,6,3,3,*,*,*,*,*,*,*,*,*,*,*,*,*,*,*,*,*,*,*,*,*,3,3,*,*,*,*,*,*,*,*,*,*,*,*,*,*,*
513007261,0,,,120,59,61,14,11,3,106,48,58,83,37,46,99,46,53,23,11,12,3,1,2,1,0,1,48,48,14,14,8,7,4,1,0,34,29,5,2,15,1,3,5
513007262,0,,,179,94,85,20,14,6,156,78,78,121,64,57,147,73,74,35,14,21,11,4,7,1,0,1,87,87,31,32,14,8,2,0,0,54,48,6,9,24,4,6,11
513007263,0,,,14,5,9,0,0,0,14,5,9,8,3,5,13,5,8,6,2,4,1,1,0,0,0,0,7,7,2,3,2,0,0,0,0,5,4,1,0,5,0,2,0
513007264,0,,,35,14,21,0,0,0,35,14,21,15,7,8,34,13,21,20,7,13,9,4,5,0,0,0,20,20,8,9,3,0,0,0,0,12,11,1,0,13,0,5,6
513007272,0,,,957,443,514,100,46,54,856,397,459,464,227,237,810,372,438,392,170,222,211,88,123,1,0,1,352,350,59,148,70,56,13,2,2,288,266,22,21,198,4,33,91
513007274,0,,,22,11,11,1,0,1,21,11,10,13,7,6,21,11,10,8,4,4,2,1,1,0,0,0,7,7,0,3,2,1,0,1,0,7,6,1,0,4,0,0,2
513007281,0,,,89,37,52,4,2,2,85,35,50,39,18,21,82,34,48,46,17,29,20,9,11,1,1,0,43,43,14,17,8,3,1,0,0,28,24,4,1,33,0,13,10
513007282,0,,,822,393,429,59,38,21,763,355,408,439,213,226,737,341,396,324,142,182,120,51,69,2,1,1,352,352,79,152,69,37,10,2,3,272,244,28,13,212,2,44,79
513007291,1,,513007293,1249,624,625,145,83,62,1107,541,566,694,347,347,1052,509,543,413,194,219,175,87,88,12,6,6,507,507,107,206,88,79,22,5,2,400,354,46,32,267,14,49,119
513007292,0,,,1462,694,768,196,102,94,1265,592,673,876,420,456,1189,546,643,389,172,217,187,78,109,6,1,5,605,605,149,216,122,82,30,5,1,454,413,41,61,257,19,56,96
513007293,2,513007291,,4,1,3,*,*,*,*,*,*,*,*,*,*,*,*,*,*,*,*,*,*,*,*,*,2,2,*,*,*,*,*,*,*,*,*,*,*,*,*,*,*
513007294,0,,,594,270,324,61,36,25,533,234,299,242,128,114,509,221,288,291,106,185,180,53,127,3,3,0,185,183,51,73,23,19,10,6,1,132,119,13,13,97,6,27,37
513007321,0,,,41,27,14,8,7,1,33,20,13,26,17,9,32,19,13,7,3,4,3,2,1,0,0,0,20,20,9,5,4,0,2,0,0,11,11,0,3,4,2,1,2
513007322,0,,,1009,476,533,106,55,51,903,421,482,520,263,257,864,400,464,383,158,225,163,67,96,7,2,5,442,442,157,128,74,59,13,7,4,283,235,48,33,266,10,99,70
513007324,0,,,489,225,264,52,25,27,434,198,236,260,120,140,416,188,228,174,78,96,73,25,48,3,3,0,189,189,43,58,42,30,12,4,0,143,113,30,14,113,1,27,31
513007331,0,,,1588,750,838,193,111,82,1390,636,754,898,449,449,1319,603,716,492,187,305,265,98,167,7,4,3,685,682,206,224,135,86,22,7,2,467,409,58,60,344,25,109,87
513007332,0,,,353,164,189,85,41,44,268,123,145,194,90,104,258,120,138,74,33,41,37,17,20,0,0,0,129,129,22,36,37,26,6,1,1,106,98,8,42,50,3,16,17
513007333,0,,,1014,491,523,130,65,65,879,423,456,673,327,346,826,396,430,206,96,110,90,35,55,3,1,2,399,399,95,127,83,70,13,9,2,300,264,36,37,143,15,18,52
513007334,0,,,645,309,336,128,65,63,514,242,272,361,174,187,466,222,244,153,68,85,74,32,42,8,5,3,228,227,39,74,46,37,28,1,2,186,169,17,26,99,1,25,32
513007341,0,,,49,22,27,7,5,2,42,17,25,25,10,15,42,17,25,17,7,10,15,7,8,0,0,0,18,18,3,5,6,2,2,0,0,15,14,1,2,11,0,3,2
513007342,0,,,101,47,54,14,7,7,86,39,47,55,26,29,84,37,47,31,13,18,12,4,8,0,0,0,35,35,8,12,4,6,2,0,3,26,21,5,4,21,0,6,5
513007343,0,,,521,241,280,69,35,34,452,206,246,294,138,156,420,191,229,158,68,90,72,31,41,1,0,1,192,191,28,78,32,38,8,7,0,163,145,18,15,104,0,21,39
513007351,0,,,108,55,53,1,0,1,107,55,52,82,44,38,103,53,50,25,11,14,11,4,7,2,1,1,6,5,1,2,2,0,0,0,0,4,4,0,1,0,0,0,0
513007353,0,,,42,21,21,1,1,0,41,20,21,26,15,11,41,20,21,15,5,10,10,3,7,0,0,0,16,16,3,4,6,2,1,0,0,12,7,5,0,9,0,2,1
513007362,0,,,23,11,12,4,1,3,19,10,9,11,6,5,19,10,9,8,4,4,5,3,2,0,0,0,8,8,1,1,4,2,0,0,0,7,5,2,2,4,0,1,1
513007363,2,513007364,,3,2,1,*,*,*,*,*,*,*,*,*,*,*,*,*,*,*,*,*,*,*,*,*,1,1,*,*,*,*,*,*,*,*,*,*,*,*,*,*,*
513007364,1,,513007363,72,33,39,5,3,2,70,32,38,38,17,21,69,32,37,32,15,17,14,9,5,0,0,0,29,29,5,13,7,3,1,1,0,25,20,5,2,22,0,4,9
513007392,0,,,87,12,75,0,0,0,87,12,75,2,1,1,87,12,75,85,11,74,81,9,72,0,0,0,1,0,0,0,0,0,0,0,0,0,0,0,0,0,0,0,0
513007422,0,,,486,166,320,17,7,10,469,159,310,113,56,57,459,154,305,356,103,253,290,70,220,0,0,0,72,67,14,19,17,12,2,2,1,52,44,8,4,43,0,12,13
513007431,0,,,265,131,134,17,7,10,248,124,124,141,73,68,243,120,123,107,51,56,50,23,27,11,6,5,89,87,38,22,16,7,3,1,0,48,44,4,4,44,8,17,13
513007432,0,,,246,113,133,84,39,45,161,73,88,129,58,71,149,67,82,32,15,17,12,3,9,6,4,2,65,65,3,10,8,24,18,1,1,61,50,11,23,21,0,1,6
513007433,0,,,165,75,90,11,4,7,154,71,83,88,45,43,147,68,79,66,26,40,31,10,21,8,4,4,65,65,16,22,12,10,3,1,1,49,36,13,2,46,0,13,10
513007434,0,,,250,134,116,73,43,30,177,91,86,133,71,62,168,85,83,44,20,24,16,4,12,1,0,1,75,75,7,17,15,20,13,2,1,68,59,9,14,28,0,3,9
513007441,2,513007442,,52,25,27,*,*,*,*,*,*,*,*,*,*,*,*,*,*,*,*,*,*,*,*,*,8,2,*,*,*,*,*,*,*,*,*,*,*,*,*,*,*
513007442,1,,513007441,11,3,8,0,0,0,63,28,35,52,26,26,60,27,33,11,2,9,6,1,5,0,0,0,7,7,4,2,3,0,0,0,0,5,5,0,0,7,0,3,1
513007451,1,,513007453,13,8,5,0,0,0,21,13,8,11,7,4,19,12,7,10,6,4,6,4,2,0,0,0,5,5,0,3,3,0,0,1,0,7,5,2,0,6,0,0,2
513007453,2,513007451,,8,5,3,*,*,*,*,*,*,*,*,*,*,*,*,*,*,*,*,*,*,*,*,*,2,2,*,*,*,*,*,*,*,*,*,*,*,*,*,*,*
513007462,0,,,226,76,150,3,2,1,223,74,149,58,28,30,222,74,148,165,46,119,128,23,105,0,0,0,28,26,3,12,5,4,2,0,0,23,17,6,0,20,0,3,8
513007464,0,,,31,14,17,0,0,0,31,14,17,12,6,6,30,13,17,19,8,11,11,5,6,0,0,0,12,12,1,6,2,3,0,0,0,11,9,2,0,11,0,1,5
513007494,2,513007582,,4,1,3,*,*,*,*,*,*,*,*,*,*,*,*,*,*,*,*,*,*,*,*,*,2,2,*,*,*,*,*,*,*,*,*,*,*,*,*,*,*
513007531,0,,,183,91,92,19,11,8,164,80,84,86,46,40,159,78,81,78,34,44,39,16,23,0,0,0,99,99,58,20,6,10,3,2,0,40,32,8,5,64,0,41,8
513007532,0,,,50,25,25,6,3,3,44,22,22,31,15,16,43,21,22,13,7,6,5,3,2,0,0,0,19,19,4,7,2,4,2,0,0,15,11,4,2,8,0,0,3
513007533,0,,,200,96,104,15,10,5,185,86,99,90,49,41,184,86,98,95,37,58,57,14,43,1,1,0,64,63,13,16,17,10,4,3,0,50,35,15,4,45,0,7,8
513007534,0,,,121,55,66,15,6,9,106,49,57,65,31,34,99,45,54,41,18,23,13,6,7,1,0,1,46,46,8,16,11,7,4,0,0,37,31,6,5,27,0,5,9
513007541,0,,,42,24,18,16,10,6,26,14,12,24,13,11,24,12,12,2,1,1,1,1,0,0,0,0,12,12,0,3,2,6,0,1,0,12,12,0,5,1,0,0,1
513007543,0,,,14,5,9,0,0,0,14,5,9,8,3,5,14,5,9,6,2,4,3,1,2,0,0,0,5,5,1,0,3,1,0,0,0,4,3,1,0,4,0,1,0
513007551,0,,,17,7,10,1,0,1,16,7,9,12,5,7,16,7,9,4,2,2,1,0,1,0,0,0,6,6,2,0,2,1,1,0,0,4,3,1,1,3,1,1,0
513007562,1,,513007564,17,9,8,0,0,0,25,13,12,15,9,6,24,13,11,10,4,6,4,1,3,0,0,0,8,8,3,4,3,0,1,0,0,8,7,1,0,7,0,3,2
513007564,2,513007562,,8,4,4,*,*,*,*,*,*,*,*,*,*,*,*,*,*,*,*,*,*,*,*,*,3,3,*,*,*,*,*,*,*,*,*,*,*,*,*,*,*
513007571,2,513007573,,3,1,2,*,*,*,*,*,*,*,*,*,*,*,*,*,*,*,*,*,*,*,*,*,2,2,*,*,*,*,*,*,*,*,*,*,*,*,*,*,*
513007572,0,,,22,10,12,0,0,0,22,10,12,7,4,3,22,10,12,15,6,9,10,4,6,0,0,0,11,11,4,5,0,2,0,0,0,7,6,1,0,10,0,3,3
513007573,1,,513007571,74,31,43,4,1,3,73,31,42,32,13,19,73,31,42,41,18,23,16,7,9,0,0,0,32,32,6,18,6,3,1,0,0,27,22,5,2,23,0,3,13
513007574,0,,,23,11,12,0,0,0,23,11,12,10,6,4,23,11,12,13,5,8,6,2,4,0,0,0,9,9,1,4,2,2,0,0,0,8,4,4,0,8,0,1,3
513007582,1,,513007494,31,17,14,2,2,0,33,16,17,15,7,8,31,14,17,18,9,9,11,6,5,0,0,0,14,14,3,10,2,0,0,1,0,13,12,1,1,12,0,2,5
513007584,0,,,21,10,11,1,0,1,20,10,10,14,8,6,18,9,9,6,2,4,1,0,1,0,0,0,7,7,0,3,1,3,0,0,0,7,5,2,0,4,0,0,1
513007591,0,,,18,9,9,0,0,0,18,9,9,11,6,5,17,8,9,7,3,4,5,2,3,0,0,0,6,6,0,2,3,0,1,0,0,6,4,2,0,4,0,0,1
513007593,0,,,31,15,16,0,0,0,31,15,16,23,12,11,28,14,14,8,3,5,4,1,3,0,0,0,11,11,2,2,3,4,0,0,0,9,5,4,0,6,0,1,0
513007594,0,,,37,18,19,7,2,5,30,16,14,16,8,8,28,14,14,14,8,6,4,2,2,0,0,0,11,11,1,5,0,1,2,2,0,10,6,4,2,9,0,1,4
513007631,0,,,41,20,21,3,1,2,38,19,19,26,15,11,38,19,19,12,4,8,5,1,4,0,0,0,16,16,2,8,2,3,1,0,0,14,8,6,1,10,0,1,2
513007632,0,,,51,22,29,2,0,2,49,22,27,32,16,16,49,22,27,17,6,11,4,1,3,0,0,0,20,20,5,7,3,2,3,0,0,15,12,3,1,11,0,2,4
513007633,2,513007634,,8,4,4,*,*,*,*,*,*,*,*,*,*,*,*,*,*,*,*,*,*,*,*,*,3,3,*,*,*,*,*,*,*,*,*,*,*,*,*,*,*
513007634,1,,513007633,9,4,5,3,1,2,14,7,7,8,4,4,14,7,7,6,3,3,1,0,1,0,0,0,3,3,0,3,2,0,1,0,0,6,6,0,1,4,0,0,1
513007671,0,,,46,21,25,3,2,1,43,19,24,24,12,12,42,18,24,19,7,12,13,4,9,0,0,0,18,18,4,4,6,4,0,0,0,14,11,3,2,11,1,2,2
513007673,0,,,40,21,19,0,0,0,40,21,19,21,13,8,40,21,19,19,8,11,9,1,8,0,0,0,18,18,6,6,2,4,0,0,0,12,9,3,0,14,0,5,2
513007682,2,513007691,,155,55,100,*,*,*,*,*,*,*,*,*,*,*,*,*,*,*,*,*,*,*,*,*,3,2,*,*,*,*,*,*,*,*,*,*,*,*,*,*,*
513007691,1,,513007682,68,31,37,9,4,5,214,82,132,74,41,33,209,80,129,140,41,99,124,35,89,1,0,1,28,28,10,10,3,5,1,0,1,20,18,2,3,16,0,6,4
513007692,0,,,345,160,185,43,20,23,302,140,162,189,92,97,291,134,157,113,48,65,34,16,18,0,0,0,132,132,19,57,29,16,7,3,1,113,96,17,16,78,0,14,27
513007694,0,,,90,43,47,10,5,5,80,38,42,51,26,25,79,38,41,29,12,17,15,6,9,0,0,0,31,31,6,8,7,6,3,0,1,25,19,6,3,18,0,3,5
513007713,2,513007812,,98,96,2,*,*,*,*,*,*,*,*,*,*,*,*,*,*,*,*,*,*,*,*,*,3,0,*,*,*,*,*,*,*,*,*,*,*,*,*,*,*
513007722,0,,,14,7,7,2,2,0,12,5,7,4,3,1,12,5,7,8,2,6,2,0,2,0,0,0,5,5,1,2,1,0,0,1,0,4,2,2,1,5,0,1,0
513007723,0,,,131,58,73,21,10,11,106,47,59,74,32,42,98,45,53,32,15,17,14,5,9,0,0,0,55,55,16,16,11,10,2,0,0,38,33,5,7,21,3,7,7
513007724,0,,,207,121,86,19,12,7,186,108,78,128,83,45,168,96,72,58,25,33,24,10,14,0,0,0,107,107,61,16,14,11,3,1,1,45,34,11,6,37,36,8,13
513007731,1,,513007732,55,22,33,9,4,5,51,20,31,25,9,16,50,20,30,26,11,15,11,3,8,0,0,0,20,20,4,8,5,3,1,0,1,18,13,5,0,18,0,4,6
513007732,2,513007731,,5,2,3,*,*,*,*,*,*,*,*,*,*,*,*,*,*,*,*,*,*,*,*,*,2,2,*,*,*,*,*,*,*,*,*,*,*,*,*,*,*
513007763,0,,,19,8,11,4,1,3,15,7,8,5,2,3,15,7,8,10,5,5,5,2,3,0,0,0,7,7,2,3,1,0,0,0,1,5,3,2,1,6,0,2,2
513007791,0,,,31,13,18,4,1,3,27,12,15,17,8,9,26,11,15,10,4,6,6,3,3,0,0,0,7,7,0,1,1,3,0,1,1,7,2,5,1,6,0,0,1
513007792,0,,,44,23,21,5,3,2,39,20,19,18,10,8,39,20,19,21,10,11,9,3,6,0,0,0,15,15,1,8,1,2,2,1,0,14,10,4,0,13,0,1,6
513007812,1,,513007713,511,289,222,32,17,15,571,364,207,405,300,105,523,326,197,166,64,102,116,42,74,1,1,0,296,294,205,47,21,17,4,0,0,88,78,10,8,72,121,21,22
513007813,0,,,438,258,180,28,13,15,410,245,165,336,217,119,316,182,134,74,28,46,38,13,25,2,2,0,150,148,74,44,16,10,3,0,1,73,68,5,10,47,44,13,21
513007814,0,,,700,348,352,54,28,26,636,314,322,372,204,168,602,293,309,264,110,154,134,55,79,1,0,1,352,352,156,105,47,31,11,1,1,194,172,22,12,175,59,53,65
513007821,0,,,883,449,434,80,47,33,797,397,400,482,264,218,752,371,381,315,133,182,140,51,89,10,1,9,430,430,180,127,68,35,15,5,0,247,213,34,22,214,62,68,62
513007822,0,,,131,69,62,11,9,2,120,60,60,62,36,26,115,56,59,58,24,34,26,9,17,1,0,1,61,61,25,20,3,9,3,1,0,35,28,7,5,38,10,10,15
513007823,0,,,617,316,301,70,29,41,546,286,260,369,207,162,504,257,247,177,79,98,82,35,47,0,0,0,301,301,136,79,42,26,16,1,1,165,150,15,19,125,59,39,42
513007824,1,,513007833,80,35,45,3,2,1,79,34,45,43,20,23,76,33,43,36,14,22,20,6,14,0,0,0,32,32,8,9,10,4,2,0,0,25,17,8,1,26,0,7,8
513007833,2,513007824,,2,1,1,*,*,*,*,*,*,*,*,*,*,*,*,*,*,*,*,*,*,*,*,*,1,1,*,*,*,*,*,*,*,*,*,*,*,*,*,*,*
513007852,2,513007854,,4,2,2,*,*,*,*,*,*,*,*,*,*,*,*,*,*,*,*,*,*,*,*,*,1,1,*,*,*,*,*,*,*,*,*,*,*,*,*,*,*
513007854,1,,513007852,8,4,4,1,1,0,11,5,6,4,2,2,11,5,6,7,3,4,5,2,3,0,0,0,4,4,1,2,1,1,0,0,0,4,3,1,1,4,0,1,1
513007861,0,,,28,15,13,2,2,0,26,13,13,15,10,5,23,11,12,11,3,8,4,1,3,0,0,0,10,10,1,5,0,3,1,0,0,9,6,3,1,8,0,0,3
513007863,2,513007864,,3,0,3,*,*,*,*,*,*,*,*,*,*,*,*,*,*,*,*,*,*,*,*,*,3,3,*,*,*,*,*,*,*,*,*,*,*,*,*,*,*
513007864,1,,513007863,21,7,14,2,0,2,22,7,15,11,5,6,22,7,15,11,2,9,7,0,7,0,0,0,8,8,6,1,1,2,1,0,0,5,1,4,0,10,0,5,0
513007891,0,,,33,17,16,0,0,0,33,17,16,20,10,10,32,16,16,13,7,6,8,5,3,0,0,0,12,12,1,3,7,0,1,0,0,11,8,3,0,8,0,1,3
513007892,0,,,21,12,9,0,0,0,21,12,9,8,6,2,21,12,9,13,6,7,5,3,2,0,0,0,8,8,0,4,3,1,0,0,0,8,8,0,0,7,0,0,2
513007911,0,,,67,36,31,8,4,4,59,32,27,35,19,16,57,30,27,24,13,11,10,5,5,0,0,0,24,24,4,9,5,2,3,0,1,20,17,3,1,16,0,3,7
513007912,0,,,167,88,79,6,3,3,159,83,76,90,54,36,156,81,75,69,29,40,34,12,22,0,0,0,79,79,26,31,11,10,0,1,0,53,44,9,3,46,9,9,19
513007913,0,,,52,22,30,6,3,3,46,19,27,22,8,14,46,19,27,24,11,13,14,5,9,0,0,0,17,17,2,5,6,2,1,0,1,15,9,6,2,14,0,2,4
513007914,0,,,33,18,15,2,2,0,31,16,15,16,8,8,31,16,15,15,8,7,8,4,4,0,0,0,13,13,4,3,2,3,1,0,0,9,6,3,1,9,0,3,0
513007921,0,,,143,71,72,22,12,10,121,59,62,88,46,42,115,55,60,33,13,20,16,7,9,1,1,0,71,71,31,18,14,6,2,0,0,40,36,4,13,22,9,10,6
513007922,0,,,34,16,18,3,2,1,31,14,17,22,9,13,30,14,16,9,5,4,2,1,1,0,0,0,15,15,3,6,5,1,0,0,0,12,10,2,1,7,0,2,1
513007924,0,,,54,25,29,12,6,6,42,19,23,31,13,18,39,19,20,11,6,5,7,4,3,0,0,0,16,16,2,4,3,4,1,1,1,14,10,4,4,7,0,1,3
513007931,0,,,115,50,65,8,4,4,107,46,61,48,19,29,104,45,59,59,27,32,31,13,18,0,0,0,49,49,8,29,3,6,2,1,0,41,35,6,3,38,0,6,19
513007932,0,,,22,12,10,7,5,2,15,7,8,10,5,5,15,7,8,5,2,3,3,1,2,0,0,0,7,7,0,4,0,1,2,0,0,7,6,1,2,4,0,0,1
513007933,0,,,32,15,17,1,1,0,31,14,17,14,7,7,30,13,17,17,7,10,8,3,5,0,0,0,15,15,3,9,2,0,1,0,0,12,10,2,1,11,0,2,6
513007934,0,,,36,13,23,0,0,0,36,13,23,13,4,9,36,13,23,23,9,14,10,3,7,0,0,0,17,17,6,4,6,1,0,0,0,11,8,3,0,15,0,5,4
513007952,0,,,8,4,4,0,0,0,8,4,4,4,2,2,8,4,4,4,2,2,2,1,1,0,0,0,4,4,1,2,1,0,0,0,0,3,3,0,0,3,0,0,1
513007961,0,,,40,18,22,2,1,1,38,17,21,22,10,12,37,17,20,16,7,9,9,3,6,0,0,0,14,14,2,4,4,2,2,0,0,12,6,6,1,11,0,2,2
513007962,1,,513007963,20,8,12,2,1,1,26,10,16,17,7,10,26,10,16,9,3,6,5,1,4,0,0,0,8,8,1,4,5,1,0,0,0,10,9,1,0,8,0,1,2
513007963,2,513007962,,8,3,5,*,*,*,*,*,*,*,*,*,*,*,*,*,*,*,*,*,*,*,*,*,3,3,*,*,*,*,*,*,*,*,*,*,*,*,*,*,*
513007964,0,,,15,6,9,5,2,3,10,4,6,7,4,3,10,4,6,3,0,3,3,0,3,0,0,0,6,6,3,0,2,0,0,1,0,3,2,1,1,3,0,2,0
513016094,0,,,74,37,37,7,6,1,66,31,35,36,17,19,63,29,34,30,14,16,10,6,4,0,0,0,33,33,11,13,5,2,1,0,1,22,18,4,1,22,0,4,6
513016124,2,513016222,,4,3,1,*,*,*,*,*,*,*,*,*,*,*,*,*,*,*,*,*,*,*,*,*,2,2,*,*,*,*,*,*,*,*,*,*,*,*,*,*,*
513016194,2,513016291,,5,1,4,*,*,*,*,*,*,*,*,*,*,*,*,*,*,*,*,*,*,*,*,*,2,2,*,*,*,*,*,*,*,*,*,*,*,*,*,*,*
513016222,1,,513016124;513016231,81,40,41,14,9,5,76,38,38,48,30,18,76,38,38,28,8,20,20,4,16,0,0,0,26,26,12,4,6,7,1,2,1,21,10,11,6,22,2,5,1
513016231,2,513016222,,5,4,1,*,*,*,*,*,*,*,*,*,*,*,*,*,*,*,*,*,*,*,*,*,5,5,*,*,*,*,*,*,*,*,*,*,*,*,*,*,*
513016291,1,,513016194;513016292;513016294,8,3,5,0,0,0,24,8,16,10,4,6,24,8,16,14,4,10,11,2,9,0,0,0,3,3,4,1,2,3,0,0,0,6,2,4,0,10,0,4,1
513016292,2,513016291,,9,4,5,*,*,*,*,*,*,*,*,*,*,*,*,*,*,*,*,*,*,*,*,*,3,3,*,*,*,*,*,*,*,*,*,*,*,*,*,*,*
513016294,2,513016291,,2,0,2,*,*,*,*,*,*,*,*,*,*,*,*,*,*,*,*,*,*,*,*,*,2,2,*,*,*,*,*,*,*,*,*,*,*,*,*,*,*
513016393,2,513016491,,5,2,3,*,*,*,*,*,*,*,*,*,*,*,*,*,*,*,*,*,*,*,*,*,3,3,*,*,*,*,*,*,*,*,*,*,*,*,*,*,*
513016491,1,,513016393,5,2,3,0,0,0,10,4,6,2,1,1,10,4,6,8,3,5,4,1,3,0,0,0,2,2,1,3,1,0,0,0,0,4,3,1,0,5,0,1,2
513017002,0,,,20,10,10,1,0,1,19,10,9,6,3,3,17,9,8,13,7,6,7,4,3,0,0,0,9,9,3,5,0,0,0,0,1,6,5,1,0,9,0,3,5
513017003,0,,,390,182,208,18,13,5,370,168,202,171,89,82,358,162,196,199,79,120,101,33,68,0,0,0,179,179,58,73,22,16,5,4,1,119,93,26,1,140,0,41,36
513017004,0,,,164,66,98,3,2,1,161,64,97,43,19,24,161,64,97,118,45,73,77,21,56,2,1,1,45,43,10,19,12,0,2,0,0,33,31,2,1,33,0,9,10
513017011,0,,,42,19,23,0,0,0,42,19,23,17,9,8,40,18,22,25,10,15,10,5,5,0,0,0,19,19,6,7,3,2,1,0,0,13,11,2,0,15,0,5,4
513017012,1,,513017013;513017014,20,9,11,0,0,0,28,12,16,11,4,7,28,12,16,17,8,9,9,3,6,0,0,0,7,7,2,4,3,1,1,0,0,9,5,4,0,9,0,1,3
513017013,2,513017012,,2,1,1,*,*,*,*,*,*,*,*,*,*,*,*,*,*,*,*,*,*,*,*,*,1,1,*,*,*,*,*,*,*,*,*,*,*,*,*,*,*
513017014,2,513017012,,6,2,4,*,*,*,*,*,*,*,*,*,*,*,*,*,*,*,*,*,*,*,*,*,3,3,*,*,*,*,*,*,*,*,*,*,*,*,*,*,*
513017031,0,,,39,18,21,8,3,5,31,15,16,17,10,7,31,15,16,14,5,9,7,2,5,0,0,0,17,17,5,6,3,2,1,0,0,12,10,2,1,10,0,2,2
513017033,1,,513017034,31,16,15,3,3,0,30,14,16,19,6,13,29,14,15,11,8,3,7,5,2,0,0,0,13,13,3,7,1,2,1,0,0,11,9,2,0,9,0,2,2
513017034,2,513017033,,2,1,1,*,*,*,*,*,*,*,*,*,*,*,*,*,*,*,*,*,*,*,*,*,1,1,*,*,*,*,*,*,*,*,*,*,*,*,*,*,*
513017061,2,513017062,,5,3,2,*,*,*,*,*,*,*,*,*,*,*,*,*,*,*,*,*,*,*,*,*,2,2,*,*,*,*,*,*,*,*,*,*,*,*,*,*,*
513017062,1,,513017061,93,45,48,11,8,3,87,40,47,51,26,25,85,40,45,36,14,22,16,4,12,0,0,0,33,33,6,14,4,5,4,2,0,29,19,10,2,23,0,3,8
513017063,2,513017064,,2,1,1,*,*,*,*,*,*,*,*,*,*,*,*,*,*,*,*,*,*,*,*,*,1,1,*,*,*,*,*,*,*,*,*,*,*,*,*,*,*
513017064,1,,513017063,64,34,30,4,3,1,62,32,30,31,15,16,59,30,29,31,17,14,14,7,7,4,2,2,24,24,1,13,7,2,2,0,0,24,21,3,0,19,0,1,9
513017073,0,,,21,7,14,3,0,3,18,7,11,11,4,7,17,7,10,7,3,4,5,3,2,0,0,0,5,5,1,1,0,1,1,0,1,4,2,2,1,4,0,1,1
513017101,2,513017102,,11,4,7,*,*,*,*,*,*,*,*,*,*,*,*,*,*,*,*,*,*,*,*,*,4,4,*,*,*,*,*,*,*,*,*,*,*,*,*,*,*
513017102,1,,513017101,49,27,22,10,5,5,50,26,24,39,20,19,48,25,23,11,6,5,5,2,3,1,0,1,18,18,6,6,4,3,2,0,1,16,14,2,1,7,2,1,2
513017112,2,513017114,,110,51,59,*,*,*,*,*,*,*,*,*,*,*,*,*,*,*,*,*,*,*,*,*,4,2,*,*,*,*,*,*,*,*,*,*,*,*,*,*,*
513017114,1,,513017112,186,85,101,9,6,3,287,130,157,51,28,23,287,130,157,236,102,134,149,47,102,6,3,3,29,27,6,14,3,4,1,0,1,23,17,6,2,25,0,4,10
513017123,1,,513017124,147,61,86,13,4,9,138,59,79,79,34,45,134,57,77,59,25,34,34,13,21,3,1,2,57,52,14,17,7,9,4,0,2,39,29,10,3,33,0,7,10
513017124,2,513017123,,4,2,2,*,*,*,*,*,*,*,*,*,*,*,*,*,*,*,*,*,*,*,*,*,1,1,*,*,*,*,*,*,*,*,*,*,*,*,*,*,*
513017131,2,513017132,,2,1,1,*,*,*,*,*,*,*,*,*,*,*,*,*,*,*,*,*,*,*,*,*,1,1,*,*,*,*,*,*,*,*,*,*,*,*,*,*,*
513017132,1,,513017131,49,20,29,4,1,3,47,20,27,29,13,16,43,19,24,18,7,11,11,4,7,0,0,0,15,15,1,4,4,5,2,0,0,14,8,6,1,11,0,0,2
513017161,2,513017162,,6,3,3,*,*,*,*,*,*,*,*,*,*,*,*,*,*,*,*,*,*,*,*,*,3,3,*,*,*,*,*,*,*,*,*,*,*,*,*,*,*
513017162,1,,513017161,46,17,29,0,0,0,52,20,32,23,8,15,52,20,32,29,12,17,19,6,13,0,0,0,22,22,7,12,3,3,0,0,0,18,11,7,0,22,0,6,6
513017163,1,,513017261;513017262,39,18,21,0,0,0,47,23,24,30,15,15,46,23,23,17,8,9,9,4,5,0,0,0,13,13,3,3,5,3,1,1,0,13,6,7,0,12,0,2,1
513017164,0,,,30,10,20,1,0,1,29,10,19,18,6,12,29,10,19,11,4,7,7,2,5,0,0,0,11,11,3,3,1,2,2,0,0,7,3,4,1,9,0,2,2
513017171,2,513017172,,8,4,4,*,*,*,*,*,*,*,*,*,*,*,*,*,*,*,*,*,*,*,*,*,4,4,*,*,*,*,*,*,*,*,*,*,*,*,*,*,*
513017172,1,,513017171,10,4,6,2,2,0,16,6,10,7,2,5,16,6,10,9,4,5,2,0,2,0,0,0,4,4,1,5,1,1,0,0,0,7,6,1,0,6,0,1,4
513017173,0,,,53,23,30,6,3,3,47,20,27,22,9,13,44,18,26,25,11,14,11,4,7,0,0,0,20,20,3,7,6,2,2,0,0,17,12,5,1,15,0,2,5
513017174,0,,,70,29,41,3,2,1,67,27,40,22,11,11,67,27,40,45,16,29,35,11,24,0,0,0,17,16,2,4,3,6,1,0,0,14,8,6,1,13,0,2,2
513017182,1,,513017183;513017184,6,1,5,0,0,0,31,10,21,15,5,10,28,9,19,16,5,11,11,3,8,0,0,0,4,4,6,5,3,0,0,1,0,9,8,1,0,12,0,5,2
513017183,2,513017182,,7,3,4,*,*,*,*,*,*,*,*,*,*,*,*,*,*,*,*,*,*,*,*,*,4,4,*,*,*,*,*,*,*,*,*,*,*,*,*,*,*
513017184,2,513017182,,18,6,12,*,*,*,*,*,*,*,*,*,*,*,*,*,*,*,*,*,*,*,*,*,7,7,*,*,*,*,*,*,*,*,*,*,*,*,*,*,*
513017201,0,,,11,5,6,0,0,0,11,5,6,2,1,1,11,5,6,9,4,5,2,1,1,0,0,0,4,4,0,2,1,1,0,0,0,4,3,1,0,4,0,0,2
513017202,0,,,27,9,18,0,0,0,27,9,18,11,4,7,27,9,18,16,5,11,13,4,9,1,0,1,10,10,1,4,2,3,0,0,0,9,6,3,0,9,0,1,1
513017204,0,,,14,6,8,0,0,0,14,6,8,6,3,3,14,6,8,8,3,5,4,1,3,0,0,0,7,7,1,5,1,0,0,0,0,6,6,0,0,5,0,1,3
513017212,0,,,141,71,70,6,3,3,135,68,67,84,47,37,129,64,65,51,21,30,20,9,11,1,1,0,77,77,39,21,10,5,2,0,0,38,32,6,3,38,10,14,8
513017221,0,,,105,53,52,2,1,1,102,51,51,57,35,22,100,50,50,45,16,29,16,4,12,3,2,1,64,64,39,16,6,0,2,1,0,24,19,5,0,29,6,12,6
513017222,1,,513017224,14,6,8,0,0,0,23,8,15,12,3,9,22,8,14,11,5,6,6,2,4,0,0,0,6,6,2,5,1,2,0,0,0,8,6,2,0,8,0,2,3
513017223,0,,,110,43,67,8,3,5,102,40,62,53,24,29,98,39,59,49,16,33,21,5,16,0,0,0,49,49,16,16,10,3,4,0,0,33,28,5,2,32,3,7,8
513017224,2,513017222,,9,2,7,*,*,*,*,*,*,*,*,*,*,*,*,*,*,*,*,*,*,*,*,*,4,4,*,*,*,*,*,*,*,*,*,*,*,*,*,*,*
513017232,2,513017234,,7,4,3,*,*,*,*,*,*,*,*,*,*,*,*,*,*,*,*,*,*,*,*,*,3,3,*,*,*,*,*,*,*,*,*,*,*,*,*,*,*
513017234,1,,513017232,35,14,21,2,1,1,40,17,23,15,7,8,40,17,23,25,10,15,14,7,7,0,0,0,13,13,3,6,4,1,1,1,0,13,9,4,0,15,0,3,6
513017243,2,513017341,,9,5,4,*,*,*,*,*,*,*,*,*,*,*,*,*,*,*,*,*,*,*,*,*,2,2,*,*,*,*,*,*,*,*,*,*,*,*,*,*,*
513017261,2,513017163,,5,3,2,*,*,*,*,*,*,*,*,*,*,*,*,*,*,*,*,*,*,*,*,*,2,2,*,*,*,*,*,*,*,*,*,*,*,*,*,*,*
513017262,2,513017163,,3,2,1,*,*,*,*,*,*,*,*,*,*,*,*,*,*,*,*,*,*,*,*,*,1,1,*,*,*,*,*,*,*,*,*,*,*,*,*,*,*
513017271,0,,,12,5,7,0,0,0,12,5,7,8,3,5,12,5,7,4,2,2,2,1,1,0,0,0,4,4,0,2,1,0,1,0,0,4,4,0,0,2,0,0,1
513017272,0,,,90,39,51,1,1,0,89,38,51,55,28,27,85,36,49,34,10,24,20,4,16,0,0,0,35,35,9,11,6,4,5,0,0,26,19,7,0,22,0,7,5
513017273,1,,513017363,15,7,8,0,0,0,16,7,9,5,4,1,16,7,9,11,3,8,8,2,6,0,0,0,7,7,3,4,0,0,1,0,0,5,4,1,0,8,0,3,3
513017274,0,,,17,7,10,0,0,0,17,7,10,7,3,4,17,7,10,10,4,6,10,4,6,0,0,0,8,8,4,1,1,2,0,0,0,4,1,3,0,8,0,4,1
513017281,1,,513017283,30,14,16,5,2,3,33,16,17,16,9,7,32,15,17,17,7,10,8,3,5,0,0,0,10,10,1,5,1,2,2,1,0,11,7,4,1,10,0,0,3
513017283,2,513017281,,8,4,4,*,*,*,*,*,*,*,*,*,*,*,*,*,*,*,*,*,*,*,*,*,2,2,*,*,*,*,*,*,*,*,*,*,*,*,*,*,*
513017302,0,,,18,8,10,1,1,0,17,7,10,5,2,3,16,7,9,12,5,7,5,2,3,0,0,0,10,10,5,3,1,1,0,0,0,5,5,0,0,8,0,4,3
513017304,0,,,26,13,13,1,1,0,25,12,13,10,6,4,22,9,13,15,6,9,7,3,4,0,0,0,10,10,5,1,1,1,1,0,1,5,1,4,0,10,0,5,1
513017312,0,,,19,11,8,2,2,0,17,9,8,8,5,3,16,8,8,9,4,5,6,3,3,0,0,0,7,7,0,5,0,1,1,0,0,7,6,1,0,5,0,0,3
513017313,2,513017314,,3,2,1,*,*,*,*,*,*,*,*,*,*,*,*,*,*,*,*,*,*,*,*,*,2,2,*,*,*,*,*,*,*,*,*,*,*,*,*,*,*
513017314,1,,513017313,61,25,36,5,3,2,59,24,35,27,13,14,56,22,34,32,11,21,13,4,9,1,1,0,21,21,3,11,3,3,1,1,1,20,12,8,2,20,0,2,6
513017321,0,,,181,88,93,20,12,8,161,76,85,91,43,48,159,76,83,70,33,37,32,15,17,5,0,5,73,73,19,27,13,7,5,0,2,53,43,10,4,43,2,8,12
513017322,0,,,38,20,18,6,3,3,32,17,15,9,4,5,32,17,15,23,13,10,8,4,4,0,0,0,16,16,4,8,1,1,1,1,0,12,11,1,2,15,0,4,7
513017323,0,,,65,34,31,2,1,1,63,33,30,35,21,14,63,33,30,28,12,16,11,5,6,0,0,0,28,26,4,15,5,2,0,0,0,20,18,2,0,17,2,1,7
513017324,0,,,540,246,294,48,21,27,492,225,267,258,116,142,473,213,260,234,109,125,97,45,52,2,0,2,244,244,71,104,38,13,15,1,2,173,157,16,14,152,5,35,65
513017331,0,,,146,71,75,8,4,4,138,67,71,85,38,47,132,64,68,53,29,24,18,6,12,0,0,0,61,61,12,29,7,11,1,1,0,49,44,5,1,39,0,7,17
513017332,2,513017334,,10,4,6,*,*,*,*,*,*,*,*,*,*,*,*,*,*,*,*,*,*,*,*,*,3,3,*,*,*,*,*,*,*,*,*,*,*,*,*,*,*
513017333,0,,,667,311,356,37,20,17,628,290,338,358,168,190,603,276,327,270,122,148,123,55,68,5,2,3,291,290,58,137,62,24,7,2,0,231,210,21,8,181,0,39,66
513017334,1,,513017332,13,5,8,1,0,1,22,9,13,13,6,7,20,8,12,9,3,6,5,1,4,0,0,0,5,5,1,2,3,1,1,0,0,7,3,4,0,7,0,1,1
513017341,1,,513017243,19,9,10,2,2,0,26,12,14,13,8,5,25,11,14,13,4,9,4,1,3,2,1,1,8,8,2,4,2,0,1,0,1,8,5,3,1,9,0,2,1
513017343,0,,,51,27,24,0,0,0,51,27,24,39,21,18,50,26,24,12,6,6,3,1,2,0,0,0,7,5,0,3,1,0,0,0,1,5,4,1,0,4,0,0,0
513017363,2,513017273,,1,0,1,*,*,*,*,*,*,*,*,*,*,*,*,*,*,*,*,*,*,*,*,*,1,1,*,*,*,*,*,*,*,*,*,*,*,*,*,*,*
513017371,2,513017373,,13,6,7,*,*,*,*,*,*,*,*,*,*,*,*,*,*,*,*,*,*,*,*,*,3,3,*,*,*,*,*,*,*,*,*,*,*,*,*,*,*
513017372,0,,,56,22,34,2,2,0,54,20,34,30,10,20,51,20,31,24,10,14,12,5,7,0,0,0,22,22,3,11,3,3,2,0,0,19,13,6,0,16,0,3,7
513017373,1,,513017371;513017461,10,6,4,3,1,2,24,13,11,17,10,7,24,13,11,7,3,4,3,1,2,0,0,0,4,4,0,4,0,3,0,0,1,8,5,3,1,4,0,0,2
513017374,0,,,52,25,27,9,5,4,43,20,23,27,16,11,41,18,23,16,4,12,12,2,10,0,0,0,14,14,3,2,3,2,0,2,2,11,4,7,2,11,0,3,2
513017381,0,,,15,8,7,0,0,0,15,8,7,9,6,3,15,8,7,6,2,4,4,1,3,0,0,0,5,5,0,2,1,2,0,0,0,5,3,2,0,4,0,0,1
513017383,0,,,11,5,6,0,0,0,11,5,6,7,4,3,11,5,6,4,1,3,2,0,2,0,0,0,4,4,1,1,0,2,0,0,0,3,1,2,0,2,0,0,0
513017384,0,,,34,14,20,4,0,4,30,14,16,12,5,7,30,14,16,18,9,9,10,4,6,0,0,0,11,10,2,2,3,3,0,0,0,8,7,1,1,7,0,1,2
513017402,2,513017411,,8,3,5,*,*,*,*,*,*,*,*,*,*,*,*,*,*,*,*,*,*,*,*,*,3,3,*,*,*,*,*,*,*,*,*,*,*,*,*,*,*
513017411,1,,513017402,17,8,9,0,0,0,25,11,14,9,3,6,25,11,14,16,8,8,6,2,4,0,0,0,9,9,3,6,2,1,0,0,0,9,7,2,0,10,0,2,5
513017413,0,,,13,6,7,1,0,1,12,6,6,3,2,1,12,6,6,9,4,5,4,2,2,0,0,0,6,6,1,3,2,0,0,0,0,5,3,2,0,5,0,1,2
513017421,2,513017422,,77,9,68,*,*,*,*,*,*,*,*,*,*,*,*,*,*,*,*,*,*,*,*,*,4,2,*,*,*,*,*,*,*,*,*,*,*,*,*,*,*
513017422,1,,513017421,429,203,226,51,20,31,455,192,263,260,127,133,431,182,249,195,65,130,118,31,87,1,0,1,169,168,34,63,34,32,7,0,0,136,127,9,8,75,0,19,35
513017424,0,,,99,45,54,13,7,6,86,38,48,46,23,23,81,38,43,40,15,25,16,4,12,0,0,0,36,36,6,11,11,4,2,2,0,30,23,7,2,24,0,4,6
513017431,0,,,105,45,60,11,4,7,94,41,53,41,18,23,90,39,51,53,23,30,20,7,13,0,0,0,43,43,5,25,6,4,2,1,0,37,33,4,3,33,0,5,18
513017433,0,,,326,138,188,24,11,13,302,127,175,158,73,85,294,122,172,144,54,90,93,31,62,0,0,0,114,112,26,39,17,17,6,6,1,84,63,21,5,79,0,20,24
513017434,0,,,37,20,17,8,5,3,29,15,14,19,10,9,27,14,13,10,5,5,4,2,2,0,0,0,12,12,1,4,1,5,1,0,0,11,10,1,2,6,0,1,4
513017441,0,,,164,76,88,4,2,2,160,74,86,75,39,36,160,74,86,85,35,50,30,10,20,2,0,2,11,8,1,4,2,0,1,0,0,7,6,1,1,5,0,1,2
513017443,0,,,114,56,58,7,3,4,107,53,54,61,32,29,105,51,54,46,21,25,17,7,10,0,0,0,40,40,6,13,10,6,4,0,1,34,24,10,1,27,0,4,7
513017452,2,513017542,,1,1,0,*,*,*,*,*,*,*,*,*,*,*,*,*,*,*,*,*,*,*,*,*,1,1,*,*,*,*,*,*,*,*,*,*,*,*,*,*,*
513017454,2,513017542,,2,1,1,*,*,*,*,*,*,*,*,*,*,*,*,*,*,*,*,*,*,*,*,*,1,1,*,*,*,*,*,*,*,*,*,*,*,*,*,*,*
513017461,2,513017373,,4,2,2,*,*,*,*,*,*,*,*,*,*,*,*,*,*,*,*,*,*,*,*,*,1,1,*,*,*,*,*,*,*,*,*,*,*,*,*,*,*
513017471,2,513017472,,9,5,4,*,*,*,*,*,*,*,*,*,*,*,*,*,*,*,*,*,*,*,*,*,3,3,*,*,*,*,*,*,*,*,*,*,*,*,*,*,*
513017472,1,,513017471,31,18,13,1,0,1,39,23,16,24,14,10,37,23,14,15,9,6,8,4,4,0,0,0,9,9,0,4,4,1,2,1,0,11,5,6,0,8,0,0,1
513017474,0,,,33,13,20,0,0,0,33,13,20,16,7,9,31,13,18,17,6,11,12,3,9,0,0,0,11,11,0,3,6,1,1,0,0,11,6,5,0,10,0,0,2
513017481,1,,513017482,29,14,15,1,0,1,34,15,19,13,5,8,33,15,18,21,10,11,8,4,4,0,0,0,13,13,3,6,4,2,0,0,0,12,10,2,0,13,0,3,4
513017482,2,513017481,,6,1,5,*,*,*,*,*,*,*,*,*,*,*,*,*,*,*,*,*,*,*,*,*,2,2,*,*,*,*,*,*,*,*,*,*,*,*,*,*,*
513017483,0,,,30,15,15,0,0,0,30,15,15,17,9,8,30,15,15,13,6,7,6,3,3,0,0,0,10,10,0,4,4,1,0,1,0,10,7,3,0,7,0,0,2
513017484,0,,,26,12,14,3,2,1,23,10,13,13,7,6,23,10,13,10,3,7,7,2,5,0,0,0,7,7,1,0,1,3,2,0,0,6,1,5,1,6,0,1,0
513017502,2,513017504,,4,1,3,*,*,*,*,*,*,*,*,*,*,*,*,*,*,*,*,*,*,*,*,*,1,1,*,*,*,*,*,*,*,*,*,*,*,*,*,*,*
513017504,1,,513017502,65,28,37,2,2,0,67,27,40,34,13,21,63,26,37,33,14,19,16,9,7,0,0,0,27,27,4,14,5,3,2,0,0,23,21,2,0,19,0,3,6
513017511,2,513017513,,5,2,3,*,*,*,*,*,*,*,*,*,*,*,*,*,*,*,*,*,*,*,*,*,2,2,*,*,*,*,*,*,*,*,*,*,*,*,*,*,*
513017513,1,,513017511,270,131,139,31,16,15,244,117,127,150,76,74,229,107,122,94,41,53,58,25,33,0,0,0,110,110,26,38,27,15,4,2,0,86,79,7,8,63,0,18,18
513017514,0,,,579,280,299,57,28,29,522,252,270,363,181,182,487,231,256,159,71,88,67,27,40,1,1,0,228,228,50,80,45,36,13,3,1,178,159,19,11,108,0,32,29
513017521,2,513017522,,8,3,5,*,*,*,*,*,*,*,*,*,*,*,*,*,*,*,*,*,*,*,*,*,3,3,*,*,*,*,*,*,*,*,*,*,*,*,*,*,*
513017522,1,,513017521,331,143,188,28,18,10,311,128,183,141,62,79,301,126,175,170,66,104,99,36,63,0,0,0,148,147,53,60,20,12,5,0,0,95,89,6,5,95,3,37,36
513017523,0,,,15,7,8,1,1,0,14,6,8,8,4,4,14,6,8,6,2,4,5,2,3,0,0,0,8,8,2,5,1,0,0,0,0,6,6,0,0,5,0,2,1
513017524,0,,,23,10,13,1,1,0,22,9,13,11,4,7,22,9,13,11,5,6,7,3,4,0,0,0,9,9,2,4,1,0,2,0,0,7,5,2,0,8,0,1,3
513017531,0,,,437,202,235,61,32,29,375,170,205,226,105,121,362,165,197,149,65,84,80,35,45,0,0,0,178,178,44,61,34,29,8,1,1,134,118,16,18,99,1,26,35
513017532,0,,,37,17,20,5,2,3,32,15,17,18,9,9,31,14,17,14,6,8,7,2,5,0,0,0,12,12,3,3,1,2,1,2,0,9,4,5,3,9,0,2,2
513017533,0,,,52,27,25,2,2,0,50,25,25,33,17,16,47,23,24,17,8,9,12,5,7,0,0,0,18,18,2,5,6,4,0,1,0,16,10,6,0,12,0,0,4
513017534,0,,,30,12,18,0,0,0,30,12,18,17,8,9,30,12,18,13,4,9,5,1,4,0,0,0,14,14,5,3,5,1,0,0,0,9,7,2,0,10,0,4,2
513017541,0,,,11,5,6,2,0,2,9,5,4,3,2,1,9,5,4,6,3,3,2,2,0,0,0,0,4,4,0,2,1,1,0,0,0,4,4,0,0,3,0,0,2
513017542,1,,513017452;513017454,64,26,38,2,2,0,65,26,39,11,7,4,65,26,39,54,19,35,49,18,31,0,0,0,8,7,3,3,0,1,1,1,0,6,4,2,0,7,0,2,3
513017544,0,,,46,26,20,2,1,1,44,25,19,18,12,6,43,25,18,26,13,13,9,5,4,0,0,0,22,22,6,10,4,2,0,0,0,16,15,1,1,17,0,3,6
513017553,0,,,15,6,9,0,0,0,15,6,9,8,3,5,15,6,9,7,3,4,3,1,2,0,0,0,6,6,1,2,2,1,0,0,0,5,3,2,0,4,0,0,1
513017571,1,,513017572;513017573,4,2,2,2,1,1,13,7,6,5,3,2,13,7,6,8,4,4,4,2,2,1,1,0,2,2,3,3,2,0,0,0,0,4,4,0,0,6,0,2,1
513017572,2,513017571,,9,5,4,*,*,*,*,*,*,*,*,*,*,*,*,*,*,*,*,*,*,*,*,*,5,5,*,*,*,*,*,*,*,*,*,*,*,*,*,*,*
513017573,2,513017571,,2,1,1,*,*,*,*,*,*,*,*,*,*,*,*,*,*,*,*,*,*,*,*,*,1,1,*,*,*,*,*,*,*,*,*,*,*,*,*,*,*
513017581,0,,,18,9,9,0,0,0,18,9,9,7,4,3,18,9,9,11,5,6,4,1,3,0,0,0,6,6,0,2,3,0,1,0,0,6,3,3,0,6,0,0,2
513017582,0,,,76,36,40,10,6,4,66,30,36,40,19,21,64,30,34,26,11,15,12,4,8,0,0,0,23,23,4,5,4,6,1,2,1,18,10,8,2,17,0,2,3
513017583,2,513017584,,11,5,6,*,*,*,*,*,*,*,*,*,*,*,*,*,*,*,*,*,*,*,*,*,3,3,*,*,*,*,*,*,*,*,*,*,*,*,*,*,*
513017584,1,,513017583,4,2,2,4,2,2,11,5,6,9,5,4,10,4,6,2,0,2,1,0,1,0,0,0,1,1,1,0,1,1,0,0,1,3,1,2,1,2,0,1,0
513017591,1,,513017593,24,9,15,4,1,3,24,10,14,13,5,8,24,10,14,11,5,6,6,3,3,0,0,0,8,8,0,7,0,2,0,1,0,10,9,1,1,7,0,0,4
513017592,0,,,23,10,13,2,1,1,21,9,12,12,4,8,19,9,10,9,5,4,5,3,2,0,0,0,6,6,0,1,1,3,0,1,0,6,4,2,0,5,0,0,1
513017593,2,513017591,,4,2,2,*,*,*,*,*,*,*,*,*,*,*,*,*,*,*,*,*,*,*,*,*,2,2,*,*,*,*,*,*,*,*,*,*,*,*,*,*,*
513017594,0,,,24,13,11,3,2,1,21,11,10,13,7,6,21,11,10,8,4,4,5,2,3,0,0,0,9,9,0,4,4,1,0,0,0,9,8,1,0,5,0,0,3
513017601,2,513017602,,4,3,1,*,*,*,*,*,*,*,*,*,*,*,*,*,*,*,*,*,*,*,*,*,2,2,*,*,*,*,*,*,*,*,*,*,*,*,*,*,*
513017602,1,,513017601;513017604,293,126,167,18,7,11,295,127,168,139,66,73,288,123,165,156,61,95,79,25,54,6,0,6,131,131,41,49,23,15,6,1,0,92,76,16,2,97,2,25,27
513017604,2,513017602,,16,5,11,*,*,*,*,*,*,*,*,*,*,*,*,*,*,*,*,*,*,*,*,*,3,2,*,*,*,*,*,*,*,*,*,*,*,*,*,*,*
513017611,0,,,198,90,108,14,9,5,184,81,103,98,47,51,178,78,100,86,34,52,48,15,33,0,0,0,86,86,28,29,13,11,2,2,1,57,46,11,5,63,0,21,17
513017612,0,,,16,8,8,2,1,1,14,7,7,11,6,5,14,7,7,3,1,2,1,0,1,0,0,0,8,8,4,2,1,0,1,0,0,4,3,1,0,3,0,0,1
513017621,0,,,45,19,26,0,0,0,45,19,26,20,10,10,45,19,26,25,9,16,16,6,10,0,0,0,19,19,3,9,5,1,1,0,0,16,12,4,0,14,0,3,4
513017622,0,,,40,19,21,1,1,0,39,18,21,17,9,8,38,17,21,22,9,13,15,6,9,0,0,0,17,17,3,7,5,2,0,0,0,14,10,4,0,13,0,3,5
513017624,0,,,196,96,100,11,6,5,185,90,95,106,55,51,170,85,85,79,35,44,24,9,15,0,0,0,77,77,17,25,18,13,2,1,1,59,48,11,2,55,0,14,10
513017631,0,,,90,40,50,8,5,3,82,35,47,54,25,29,77,33,44,28,10,18,13,2,11,3,0,3,36,36,10,10,9,4,2,0,1,26,20,6,2,21,1,5,5
513017633,2,513017634,,3,0,3,*,*,*,*,*,*,*,*,*,*,*,*,*,*,*,*,*,*,*,*,*,3,3,*,*,*,*,*,*,*,*,*,*,*,*,*,*,*
513017634,1,,513017633,163,45,118,6,3,3,160,42,118,26,11,15,160,42,118,134,31,103,121,26,95,4,0,4,20,14,8,4,2,1,1,1,0,9,9,0,2,4,1,2,1
513017641,2,513017643,,2,0,2,*,*,*,*,*,*,*,*,*,*,*,*,*,*,*,*,*,*,*,*,*,1,1,*,*,*,*,*,*,*,*,*,*,*,*,*,*,*
513017642,0,,,63,27,36,8,1,7,55,26,29,29,15,14,54,25,29,26,11,15,17,7,10,0,0,0,32,32,13,11,6,1,0,1,0,18,17,1,2,18,0,9,6
513017643,1,,513017641,131,61,70,26,14,12,107,47,60,66,30,36,100,44,56,41,17,24,22,9,13,0,0,0,44,44,4,18,8,7,7,1,0,41,33,8,6,26,0,3,9
513017644,0,,,172,71,101,17,7,10,155,64,91,87,41,46,147,60,87,68,23,45,33,9,24,4,2,2,79,78,27,26,12,10,2,1,0,51,43,8,3,49,0,17,16
513017651,0,,,100,53,47,5,4,1,95,49,46,48,28,20,94,48,46,47,21,26,26,11,15,0,0,0,48,48,17,18,10,0,2,0,1,31,25,6,2,33,1,11,7
513017653,1,,513017654,323,146,177,35,11,24,291,137,154,181,93,88,275,128,147,110,44,66,58,24,34,1,0,1,124,124,31,42,22,16,8,3,3,94,79,15,6,75,0,20,21
513017654,2,513017653,,3,2,1,*,*,*,*,*,*,*,*,*,*,*,*,*,*,*,*,*,*,*,*,*,1,1,*,*,*,*,*,*,*,*,*,*,*,*,*,*,*
513017674,2,513017781,,2,1,1,*,*,*,*,*,*,*,*,*,*,*,*,*,*,*,*,*,*,*,*,*,1,1,*,*,*,*,*,*,*,*,*,*,*,*,*,*,*
513017682,1,,513017684,16,6,10,3,2,1,18,7,11,12,6,6,17,6,11,6,1,5,5,1,4,0,0,0,6,6,1,2,1,2,1,0,0,6,3,3,1,5,0,1,0
513017683,0,,,24,13,11,2,2,0,22,11,11,12,5,7,22,11,11,10,6,4,4,1,3,0,0,0,11,11,1,8,1,1,0,0,0,10,10,0,1,7,0,1,2
513017684,2,513017682,,5,3,2,*,*,*,*,*,*,*,*,*,*,*,*,*,*,*,*,*,*,*,*,*,1,1,*,*,*,*,*,*,*,*,*,*,*,*,*,*,*
513017691,0,,,84,41,43,6,4,2,78,37,41,56,28,28,77,36,41,22,9,13,16,5,11,0,0,0,29,29,5,8,6,7,2,0,1,22,15,7,2,16,0,3,3
513017692,0,,,16,6,10,0,0,0,16,6,10,7,3,4,16,6,10,9,3,6,4,1,3,0,0,0,7,7,0,6,0,1,0,0,0,7,5,2,0,6,0,0,2
513017694,0,,,41,19,22,11,4,7,30,15,15,22,12,10,26,11,15,8,3,5,4,1,3,0,0,0,13,13,4,2,0,4,1,2,0,9,7,2,1,5,0,2,1
513017721,0,,,149,55,94,18,4,14,131,51,80,73,33,40,128,50,78,58,18,40,39,8,31,0,0,0,61,61,18,20,11,6,4,0,2,43,33,10,3,46,0,16,7
513017722,0,,,132,70,62,19,14,5,113,56,57,71,38,33,108,55,53,42,18,24,21,8,13,0,0,0,43,43,3,22,4,5,4,2,3,40,30,10,5,27,0,1,7
513017723,0,,,206,92,114,24,8,16,182,84,98,95,52,43,178,80,98,87,32,55,55,16,39,0,0,0,71,71,13,29,8,7,4,7,3,58,38,20,5,58,0,11,14
513017724,0,,,117,61,56,7,6,1,110,55,55,53,28,25,109,55,54,57,27,30,23,10,13,0,0,0,43,43,7,14,14,4,2,0,2,36,27,9,2,34,0,4,9
513017731,0,,,100,53,47,6,3,3,94,50,44,60,34,26,91,49,42,34,16,18,15,7,8,0,0,0,54,54,26,15,8,5,0,0,0,27,24,3,2,23,17,7,8
513017732,0,,,415,200,215,39,19,20,376,181,195,227,111,116,360,176,184,149,70,79,78,34,44,14,3,11,195,194,66,76,27,18,7,0,0,127,116,11,9,91,14,22,37
513017733,0,,,36,14,22,3,1,2,33,13,20,16,6,10,32,12,20,17,7,10,6,1,5,0,0,0,15,15,4,6,2,1,2,0,0,10,8,2,0,11,0,3,2
513017734,0,,,118,54,64,6,4,2,112,50,62,55,27,28,108,48,60,57,23,34,24,6,18,1,1,0,56,56,24,14,9,7,1,1,0,32,25,7,1,42,0,17,7
513017741,0,,,422,191,231,64,29,35,358,162,196,222,101,121,344,157,187,136,61,75,71,27,44,1,0,1,166,166,25,79,28,20,11,2,1,139,125,14,16,88,2,12,40
513017742,0,,,291,133,158,48,23,25,243,110,133,167,81,86,227,100,127,76,29,47,27,11,16,0,0,0,111,111,20,40,24,21,3,1,2,91,83,8,15,50,3,14,20
513017743,0,,,185,91,94,36,22,14,148,68,80,115,54,61,137,64,73,33,14,19,15,8,7,0,0,0,79,79,33,13,15,13,3,1,1,44,38,6,12,24,3,9,3
513017744,0,,,208,101,107,38,21,17,170,80,90,95,47,48,162,75,87,75,33,42,20,9,11,0,0,0,77,77,15,27,15,8,11,0,1,62,54,8,9,45,0,10,18
513017751,0,,,161,80,81,25,13,12,134,65,69,94,48,46,125,61,64,40,17,23,20,7,13,1,0,1,58,58,16,18,7,6,4,5,2,41,29,12,5,31,1,10,6
513017771,2,513017773,,4,2,2,*,*,*,*,*,*,*,*,*,*,*,*,*,*,*,*,*,*,*,*,*,2,2,*,*,*,*,*,*,*,*,*,*,*,*,*,*,*
513017772,0,,,15,6,9,0,0,0,15,6,9,8,4,4,15,6,9,7,2,5,3,0,3,0,0,0,7,7,1,4,2,0,0,0,0,6,5,1,0,5,0,1,1
513017773,1,,513017771,10,5,5,2,1,1,12,6,6,8,5,3,12,6,6,4,1,3,2,0,2,0,0,0,4,4,1,3,1,1,0,0,0,5,5,0,0,3,0,1,1
513017774,0,,,13,5,8,0,0,0,13,5,8,6,1,5,13,5,8,7,4,3,1,0,1,0,0,0,6,6,0,5,1,0,0,0,0,6,6,0,0,5,0,0,3
513017781,1,,513017783;513017674,55,28,27,0,0,0,59,29,30,29,13,16,56,29,27,30,16,14,15,6,9,0,0,0,14,13,2,8,2,3,1,0,0,13,9,4,0,10,0,1,5
513017783,2,513017781,,4,1,3,*,*,*,*,*,*,*,*,*,*,*,*,*,*,*,*,*,*,*,*,*,2,2,*,*,*,*,*,*,*,*,*,*,*,*,*,*,*
513017791,1,,513017792,17,8,9,3,2,1,16,7,9,11,5,6,12,6,6,5,2,3,2,1,1,0,0,0,5,5,0,4,0,0,1,1,0,6,5,1,1,3,0,0,2
513017792,2,513017791,,2,1,1,*,*,*,*,*,*,*,*,*,*,*,*,*,*,*,*,*,*,*,*,*,1,1,*,*,*,*,*,*,*,*,*,*,*,*,*,*,*
513017793,2,513017794,,10,5,5,*,*,*,*,*,*,*,*,*,*,*,*,*,*,*,*,*,*,*,*,*,3,3,*,*,*,*,*,*,*,*,*,*,*,*,*,*,*
513017794,1,,513017793,17,8,9,1,0,1,26,13,13,13,8,5,26,13,13,13,5,8,3,0,3,0,0,0,8,8,2,4,4,0,1,0,0,9,5,4,1,7,0,1,2
513017822,0,,,39,20,19,7,3,4,32,17,15,18,10,8,30,17,13,14,7,7,8,4,4,0,0,0,15,15,3,5,3,3,1,0,0,12,12,0,2,8,0,0,3
513017824,0,,,204,80,124,11,4,7,193,76,117,96,36,60,186,76,110,97,40,57,46,15,31,1,0,1,88,88,29,26,20,6,3,4,0,58,43,15,3,72,0,26,11
513017831,0,,,235,109,126,19,12,7,216,97,119,124,60,64,207,90,117,92,37,55,42,16,26,0,0,0,97,97,21,38,19,16,1,2,0,76,60,16,3,64,1,14,19
513017832,0,,,154,77,77,12,6,6,142,71,71,93,50,43,134,65,69,49,21,28,24,12,12,0,0,0,56,56,5,25,13,8,3,1,1,49,43,6,1,31,1,4,15
513017833,0,,,346,164,182,33,20,13,312,144,168,173,82,91,301,137,164,139,62,77,58,21,37,0,0,0,137,136,26,58,27,13,8,3,1,109,88,21,6,89,0,20,30
513017834,0,,,321,154,167,42,21,21,279,133,146,181,91,90,271,128,143,98,42,56,46,16,30,2,1,1,133,133,37,36,36,16,8,0,0,94,79,15,13,70,2,20,19
513017841,0,,,81,32,49,22,12,10,59,20,39,43,17,26,56,19,37,16,3,13,10,1,9,0,0,0,29,29,9,8,1,7,1,1,2,20,16,4,8,13,0,6,2
513017842,0,,,94,41,53,19,6,13,75,35,40,49,25,24,74,34,40,26,10,16,10,2,8,0,0,0,29,29,2,10,5,8,1,2,1,27,21,6,5,16,0,2,7
513017843,1,,513017844,293,142,151,58,32,26,237,111,126,173,84,89,225,106,119,64,27,37,21,6,15,0,0,0,118,118,35,37,19,17,11,0,1,82,74,8,18,43,4,12,16
513017844,2,513017843,,3,1,2,*,*,*,*,*,*,*,*,*,*,*,*,*,*,*,*,*,*,*,*,*,2,2,*,*,*,*,*,*,*,*,*,*,*,*,*,*,*
513017851,0,,,36,18,18,5,2,3,31,16,15,22,11,11,29,14,15,9,5,4,1,1,0,0,0,0,15,15,4,5,4,0,2,0,0,11,11,0,1,7,0,2,2
513017852,2,513017854,,7,4,3,*,*,*,*,*,*,*,*,*,*,*,*,*,*,*,*,*,*,*,*,*,2,2,*,*,*,*,*,*,*,*,*,*,*,*,*,*,*
513017853,0,,,18,13,5,3,3,0,15,10,5,8,5,3,15,10,5,7,5,2,3,2,1,0,0,0,6,6,1,2,1,1,0,1,0,5,3,2,1,6,0,1,1
513017854,1,,513017852,31,12,19,4,2,2,34,14,20,20,9,11,33,14,19,14,5,9,6,1,5,0,0,0,10,10,0,5,3,2,1,1,0,12,7,5,1,10,0,0,2
513017862,2,513017872,,4,1,3,*,*,*,*,*,*,*,*,*,*,*,*,*,*,*,*,*,*,*,*,*,1,1,*,*,*,*,*,*,*,*,*,*,*,*,*,*,*
513017872,1,,513017862,41,19,22,2,1,1,43,19,24,24,10,14,43,19,24,19,9,10,13,6,7,0,0,0,16,16,4,7,1,2,2,1,0,12,7,5,0,12,0,1,2
513017874,0,,,24,11,13,3,0,3,21,11,10,3,2,1,21,11,10,18,9,9,9,4,5,0,0,0,10,10,3,4,1,1,0,1,0,7,3,4,0,10,0,3,3
513017892,2,513017894,,10,4,6,*,*,*,*,*,*,*,*,*,*,*,*,*,*,*,*,*,*,*,*,*,4,4,*,*,*,*,*,*,*,*,*,*,*,*,*,*,*
513017894,1,,513017892;513017992,3,2,1,5,2,3,15,7,8,7,4,3,15,7,8,8,3,5,2,1,1,0,0,0,1,1,1,2,1,0,1,0,1,5,3,2,0,5,0,1,1
513017931,0,,,100,46,54,15,6,9,85,40,45,48,23,25,81,39,42,37,17,20,20,9,11,1,0,1,41,41,11,15,7,3,4,1,0,30,26,4,5,24,0,8,11
513017932,0,,,799,359,440,195,97,98,604,262,342,421,199,222,557,232,325,183,63,120,103,25,78,4,0,4,268,266,65,61,64,49,16,10,1,201,185,16,47,79,9,30,21
513017934,0,,,288,131,157,33,18,15,255,113,142,161,79,82,243,107,136,94,34,60,37,11,26,0,0,0,124,124,42,39,18,15,7,2,1,80,72,8,8,69,0,30,16
513017941,0,,,298,142,156,38,19,19,260,123,137,164,81,83,253,119,134,96,42,54,39,13,26,1,0,1,121,121,36,36,21,14,13,1,0,85,73,12,9,68,1,24,17
513017943,0,,,690,309,381,79,43,36,611,266,345,343,162,181,578,247,331,268,104,164,116,37,79,1,0,1,313,313,88,128,61,19,15,2,0,224,204,20,22,179,0,60,62
513017944,0,,,33,16,17,2,2,0,31,14,17,18,10,8,28,12,16,13,4,9,5,1,4,0,0,0,17,16,7,6,1,2,0,0,0,9,8,1,0,9,1,3,4
513017952,2,513017954,,11,4,7,*,*,*,*,*,*,*,*,*,*,*,*,*,*,*,*,*,*,*,*,*,3,3,*,*,*,*,*,*,*,*,*,*,*,*,*,*,*
513017954,1,,513017952,18,9,9,4,1,3,25,12,13,14,7,7,25,12,13,11,5,6,7,3,4,0,0,0,8,8,1,6,1,2,1,0,0,10,8,2,2,7,0,1,3
513017963,0,,,19,9,10,3,2,1,16,7,9,9,5,4,16,7,9,7,2,5,2,0,2,0,0,0,5,5,0,0,2,2,1,0,0,5,1,4,0,4,0,0,0
513017971,0,,,12,5,7,0,0,0,12,5,7,4,1,3,10,4,6,8,4,4,2,2,0,0,0,0,5,5,0,4,0,1,0,0,0,5,5,0,0,5,0,0,3
513017972,1,,513017973,13,8,5,0,0,0,20,13,7,9,6,3,19,13,6,11,7,4,5,3,2,0,0,0,4,4,1,2,3,0,0,1,0,6,4,2,0,7,0,1,1
513017973,2,513017972,,7,5,2,*,*,*,*,*,*,*,*,*,*,*,*,*,*,*,*,*,*,*,*,*,3,3,*,*,*,*,*,*,*,*,*,*,*,*,*,*,*
513017992,2,513017894,,7,3,4,*,*,*,*,*,*,*,*,*,*,*,*,*,*,*,*,*,*,*,*,*,1,1,*,*,*,*,*,*,*,*,*,*,*,*,*,*,*
513027032,2,513027041,,3,1,2,*,*,*,*,*,*,*,*,*,*,*,*,*,*,*,*,*,*,*,*,*,2,2,*,*,*,*,*,*,*,*,*,*,*,*,*,*,*
513027041,1,,513027032,353,158,195,10,5,5,346,154,192,143,77,66,337,151,186,203,77,126,137,46,91,1,1,0,124,120,49,44,16,8,4,1,0,72,61,11,2,73,1,26,18
513027042,0,,,74,38,36,17,11,6,57,27,30,44,21,23,53,25,28,13,6,7,8,4,4,0,0,0,26,26,5,7,7,3,2,2,0,21,19,2,6,7,2,0,3
513027043,0,,,274,124,150,15,7,8,259,117,142,104,56,48,252,111,141,155,61,94,86,32,54,1,1,0,140,140,62,39,25,12,1,1,0,78,62,16,4,109,0,49,26
513027044,0,,,70,40,30,10,4,6,60,36,24,43,26,17,58,34,24,17,10,7,4,3,1,0,0,0,35,35,15,12,3,3,2,0,0,20,20,0,4,11,0,2,5
513027061,0,,,16,6,10,0,0,0,16,6,10,7,3,4,16,6,10,9,3,6,6,2,4,0,0,0,6,6,1,1,3,1,0,0,0,5,2,3,0,5,0,1,1
513027062,1,,513027064,10,5,5,0,0,0,15,8,7,3,2,1,15,8,7,12,6,6,4,2,2,0,0,0,5,5,2,2,3,0,0,0,0,5,3,2,0,6,0,1,2
513027063,0,,,20,10,10,2,1,1,18,9,9,5,3,2,18,9,9,13,6,7,7,3,4,0,0,0,7,7,2,2,1,1,0,0,1,5,2,3,0,7,0,2,2
513027064,2,513027062,,5,3,2,*,*,*,*,*,*,*,*,*,*,*,*,*,*,*,*,*,*,*,*,*,2,2,*,*,*,*,*,*,*,*,*,*,*,*,*,*,*
513027071,0,,,17,8,9,1,1,0,16,7,9,6,2,4,15,7,8,10,5,5,5,3,2,0,0,0,6,6,0,4,1,0,0,1,0,6,5,1,0,5,0,0,4
513027092,2,513027174,,5,3,2,*,*,*,*,*,*,*,*,*,*,*,*,*,*,*,*,*,*,*,*,*,2,2,*,*,*,*,*,*,*,*,*,*,*,*,*,*,*
513027093,2,513027174,,4,1,3,*,*,*,*,*,*,*,*,*,*,*,*,*,*,*,*,*,*,*,*,*,1,1,*,*,*,*,*,*,*,*,*,*,*,*,*,*,*
513027141,0,,,574,246,328,27,8,19,547,238,309,282,141,141,525,225,300,265,97,168,153,52,101,0,0,0,279,279,102,94,53,25,5,0,0,176,156,20,3,199,1,77,42
513027142,0,,,166,70,96,7,3,4,159,67,92,82,40,42,152,65,87,77,27,50,40,17,23,0,0,0,84,84,33,29,14,7,1,0,0,51,43,8,3,58,1,20,11
513027143,0,,,43,20,23,1,1,0,42,19,23,16,9,7,41,18,23,26,10,16,11,5,6,0,0,0,21,21,7,10,1,2,1,0,0,14,11,3,0,17,0,6,8
513027144,0,,,177,96,81,19,13,6,158,83,75,78,44,34,145,77,68,80,39,41,40,20,20,0,0,0,76,76,28,23,10,8,2,4,1,48,40,8,3,57,0,23,13
513027162,1,,513027164,28,12,16,2,0,2,37,17,20,19,9,10,37,17,20,18,8,10,9,3,6,0,0,0,13,13,3,7,2,4,0,0,0,13,10,3,0,13,0,3,4
513027164,2,513027162,,11,5,6,*,*,*,*,*,*,*,*,*,*,*,*,*,*,*,*,*,*,*,*,*,3,3,*,*,*,*,*,*,*,*,*,*,*,*,*,*,*
513027171,0,,,15,5,10,0,0,0,15,5,10,7,2,5,12,4,8,8,3,5,2,1,1,0,0,0,4,4,1,1,0,0,1,0,1,3,1,2,0,4,0,1,1
513027172,2,513027174,,10,5,5,*,*,*,*,*,*,*,*,*,*,*,*,*,*,*,*,*,*,*,*,*,3,3,*,*,*,*,*,*,*,*,*,*,*,*,*,*,*
513027173,0,,,66,29,37,0,0,0,66,29,37,40,21,19,61,26,35,26,8,18,18,4,14,0,0,0,24,24,4,11,3,2,2,1,1,19,14,5,0,20,0,4,4
513027174,1,,513027092;513027093;513027172,14,5,9,4,1,3,29,13,16,19,8,11,28,13,15,10,5,5,7,2,5,0,0,0,4,4,2,2,0,5,0,0,1,8,2,6,1,8,0,0,1
513027242,1,,513027244,7,3,4,2,1,1,11,5,6,9,4,5,9,4,5,2,1,1,0,0,0,0,0,0,2,2,0,1,1,2,0,0,0,4,3,1,0,1,0,0,0
513027244,2,513027242,,6,3,3,*,*,*,*,*,*,*,*,*,*,*,*,*,*,*,*,*,*,*,*,*,2,2,*,*,*,*,*,*,*,*,*,*,*,*,*,*,*
513027271,2,513027274,,6,3,3,*,*,*,*,*,*,*,*,*,*,*,*,*,*,*,*,*,*,*,*,*,2,2,*,*,*,*,*,*,*,*,*,*,*,*,*,*,*
513027274,1,,513027271,21,11,10,0,0,0,27,14,13,15,9,6,26,13,13,12,5,7,7,3,4,0,0,0,7,7,1,3,2,2,0,1,0,8,4,4,0,7,0,0,3
513027283,0,,,15,8,7,0,0,0,15,8,7,8,5,3,15,8,7,7,3,4,5,2,3,0,0,0,6,6,1,2,2,1,0,0,0,4,1,3,0,6,0,1,0
513027284,1,,513027292,17,9,8,1,1,0,21,10,11,13,6,7,18,9,9,8,4,4,5,2,3,0,0,0,6,6,1,3,1,3,0,0,0,7,6,1,0,5,0,1,2
513027292,2,513027284,,5,2,3,*,*,*,*,*,*,*,*,*,*,*,*,*,*,*,*,*,*,*,*,*,2,2,*,*,*,*,*,*,*,*,*,*,*,*,*,*,*
513027344,2,513027442,,8,4,4,*,*,*,*,*,*,*,*,*,*,*,*,*,*,*,*,*,*,*,*,*,3,3,*,*,*,*,*,*,*,*,*,*,*,*,*,*,*
513027354,2,513027461,,6,3,3,*,*,*,*,*,*,*,*,*,*,*,*,*,*,*,*,*,*,*,*,*,2,2,*,*,*,*,*,*,*,*,*,*,*,*,*,*,*
513027363,1,,513027364,45,22,23,4,1,3,49,24,25,23,12,11,49,24,25,26,12,14,17,8,9,0,0,0,16,16,3,6,4,4,2,0,0,16,12,4,2,15,0,2,6
513027364,2,513027363,,8,3,5,*,*,*,*,*,*,*,*,*,*,*,*,*,*,*,*,*,*,*,*,*,3,3,*,*,*,*,*,*,*,*,*,*,*,*,*,*,*
513027371,2,513027372,,7,3,4,*,*,*,*,*,*,*,*,*,*,*,*,*,*,*,*,*,*,*,*,*,3,3,*,*,*,*,*,*,*,*,*,*,*,*,*,*,*
513027372,1,,513027371;513027373;513027374,18,6,12,4,1,3,26,9,17,9,5,4,26,9,17,17,4,13,11,1,10,0,0,0,9,9,8,4,2,2,0,0,0,8,5,3,1,14,0,8,2
513027373,2,513027372,,2,0,2,*,*,*,*,*,*,*,*,*,*,*,*,*,*,*,*,*,*,*,*,*,2,2,*,*,*,*,*,*,*,*,*,*,*,*,*,*,*
513027374,2,513027372,,3,1,2,*,*,*,*,*,*,*,*,*,*,*,*,*,*,*,*,*,*,*,*,*,2,2,*,*,*,*,*,*,*,*,*,*,*,*,*,*,*
513027381,2,513027383,,2,1,1,*,*,*,*,*,*,*,*,*,*,*,*,*,*,*,*,*,*,*,*,*,1,1,*,*,*,*,*,*,*,*,*,*,*,*,*,*,*
513027383,1,,513027381,8,4,4,1,0,1,9,5,4,3,2,1,8,4,4,6,3,3,5,3,2,0,0,0,3,3,2,1,0,0,0,1,0,2,1,1,0,4,0,2,1
513027392,2,513027482,,2,1,1,*,*,*,*,*,*,*,*,*,*,*,*,*,*,*,*,*,*,*,*,*,1,1,*,*,*,*,*,*,*,*,*,*,*,*,*,*,*
513027394,2,513027482,,1,1,0,*,*,*,*,*,*,*,*,*,*,*,*,*,*,*,*,*,*,*,*,*,1,1,*,*,*,*,*,*,*,*,*,*,*,*,*,*,*
513027442,1,,513027344,23,10,13,0,0,0,31,14,17,17,7,10,30,14,16,14,7,7,8,4,4,0,0,0,14,14,6,9,1,1,0,0,0,11,11,0,0,9,1,3,6
513027444,0,,,206,72,134,14,7,7,192,65,127,106,34,72,191,65,126,86,31,55,52,16,36,24,0,24,104,103,40,42,12,8,1,0,0,63,58,5,4,54,24,13,22
513027452,2,513027461,,6,3,3,*,*,*,*,*,*,*,*,*,*,*,*,*,*,*,*,*,*,*,*,*,2,2,*,*,*,*,*,*,*,*,*,*,*,*,*,*,*
513027461,1,,513027354;513027452;513027463;513027464,9,4,5,0,0,0,33,15,18,12,7,5,33,15,18,21,8,13,13,4,9,0,0,0,7,7,9,6,0,3,0,0,0,9,7,2,0,15,0,7,5
513027463,2,513027461,,8,4,4,*,*,*,*,*,*,*,*,*,*,*,*,*,*,*,*,*,*,*,*,*,3,3,*,*,*,*,*,*,*,*,*,*,*,*,*,*,*
513027464,2,513027461,,4,1,3,*,*,*,*,*,*,*,*,*,*,*,*,*,*,*,*,*,*,*,*,*,4,4,*,*,*,*,*,*,*,*,*,*,*,*,*,*,*
513027471,2,513027473,,9,4,5,*,*,*,*,*,*,*,*,*,*,*,*,*,*,*,*,*,*,*,*,*,2,2,*,*,*,*,*,*,*,*,*,*,*,*,*,*,*
513027473,1,,513027471,13,7,6,2,0,2,20,11,9,12,7,5,19,11,8,8,4,4,4,2,2,0,0,0,4,4,1,1,1,1,1,0,1,5,1,4,1,6,0,1,1
513027482,1,,513027392;513027394;513027484,7,4,3,0,0,0,11,6,5,5,3,2,10,5,5,6,3,3,3,1,2,0,0,0,2,2,2,2,0,0,1,0,0,3,2,1,0,4,0,1,2
513027484,2,513027482,,1,0,1,*,*,*,*,*,*,*,*,*,*,*,*,*,*,*,*,*,*,*,*,*,1,1,*,*,*,*,*,*,*,*,*,*,*,*,*,*,*
513027541,0,,,84,27,57,1,0,1,83,27,56,38,16,22,81,26,55,45,11,34,30,5,25,0,0,0,46,46,21,17,5,1,2,0,0,25,18,7,0,35,0,16,5
513027542,0,,,211,96,115,18,9,9,193,87,106,109,55,54,190,86,104,84,32,52,46,14,32,0,0,0,88,88,27,34,9,11,0,5,2,61,43,18,5,58,0,19,18
513027543,0,,,340,151,189,20,8,12,320,143,177,151,77,74,308,138,170,169,66,103,84,27,57,1,1,0,165,165,60,61,26,12,4,2,0,104,88,16,9,120,0,45,35
513027544,0,,,68,32,36,4,2,2,64,30,34,26,14,12,62,28,34,38,16,22,20,9,11,0,0,0,34,34,13,13,5,2,0,1,0,21,19,2,1,27,0,11,9
513027552,2,513027554,,3,2,1,*,*,*,*,*,*,*,*,*,*,*,*,*,*,*,*,*,*,*,*,*,2,2,*,*,*,*,*,*,*,*,*,*,*,*,*,*,*
513027554,1,,513027552,24,10,14,1,1,0,26,11,15,9,4,5,26,11,15,17,7,10,8,2,6,0,0,0,10,10,3,6,2,0,0,1,0,9,7,2,1,10,0,3,3
513027561,2,513027563,,7,2,5,*,*,*,*,*,*,*,*,*,*,*,*,*,*,*,*,*,*,*,*,*,3,3,*,*,*,*,*,*,*,*,*,*,*,*,*,*,*
513027562,0,,,10,4,6,1,0,1,9,4,5,4,3,1,9,4,5,5,1,4,3,0,3,0,0,0,6,6,3,2,1,0,0,0,0,3,3,0,0,4,0,2,1
513027563,1,,513027561,10,3,7,0,0,0,17,5,12,9,3,6,17,5,12,8,2,6,3,0,3,0,0,0,5,5,3,2,2,1,0,0,0,5,4,1,0,6,0,2,0
513027641,1,,513027642,89,38,51,10,5,5,84,34,50,45,18,27,80,33,47,39,16,23,16,6,10,0,0,0,42,42,17,16,8,1,2,0,1,27,24,3,2,27,0,11,8
513027642,2,513027641,,5,1,4,*,*,*,*,*,*,*,*,*,*,*,*,*,*,*,*,*,*,*,*,*,3,3,*,*,*,*,*,*,*,*,*,*,*,*,*,*,*
513027643,0,,,19,9,10,0,0,0,19,9,10,11,5,6,19,9,10,8,4,4,5,2,3,0,0,0,8,8,3,2,2,0,0,1,0,5,3,2,0,7,0,2,0
513027644,0,,,26,9,17,0,0,0,26,9,17,16,6,10,25,9,16,10,3,7,5,2,3,0,0,0,10,10,2,3,2,3,0,0,0,8,6,2,0,7,0,2,2
513027651,2,513027652,,12,3,9,*,*,*,*,*,*,*,*,*,*,*,*,*,*,*,*,*,*,*,*,*,5,5,*,*,*,*,*,*,*,*,*,*,*,*,*,*,*
513027652,1,,513027651;513027653,10,3,7,0,0,0,33,11,22,17,7,10,33,11,22,16,4,12,12,3,9,0,0,0,5,5,3,3,4,3,0,0,0,10,5,5,0,12,0,2,2
513027653,2,513027652,,11,5,6,*,*,*,*,*,*,*,*,*,*,*,*,*,*,*,*,*,*,*,*,*,3,3,*,*,*,*,*,*,*,*,*,*,*,*,*,*,*
513027741,1,,513027742,74,28,46,1,0,1,79,31,48,38,16,22,79,31,48,41,15,26,26,10,16,0,0,0,35,35,15,12,8,3,1,0,0,24,18,6,0,31,0,11,6
513027742,2,513027741,,6,3,3,*,*,*,*,*,*,*,*,*,*,*,*,*,*,*,*,*,*,*,*,*,4,4,*,*,*,*,*,*,*,*,*,*,*,*,*,*,*
513027743,1,,513027841,34,19,15,0,0,0,36,20,16,19,12,7,36,20,16,17,8,9,12,6,6,0,0,0,14,14,4,4,5,1,1,0,0,11,9,2,0,10,0,2,2
513027764,2,513027864,,3,1,2,*,*,*,*,*,*,*,*,*,*,*,*,*,*,*,*,*,*,*,*,*,1,1,*,*,*,*,*,*,*,*,*,*,*,*,*,*,*
513027771,1,,513027772,10,5,5,0,0,0,13,5,8,9,4,5,13,5,8,4,1,3,3,0,3,0,0,0,5,5,2,1,3,0,0,0,0,4,4,0,0,4,0,2,0
513027772,2,513027771,,3,0,3,*,*,*,*,*,*,*,*,*,*,*,*,*,*,*,*,*,*,*,*,*,1,1,*,*,*,*,*,*,*,*,*,*,*,*,*,*,*
513027773,1,,513027774;513027883;513027994,10,4,6,0,0,0,21,8,13,10,6,4,20,7,13,11,2,9,6,2,4,0,0,0,4,4,3,2,2,2,0,0,0,6,3,3,0,9,0,3,0
513027774,2,513027773,,5,2,3,*,*,*,*,*,*,*,*,*,*,*,*,*,*,*,*,*,*,*,*,*,2,2,*,*,*,*,*,*,*,*,*,*,*,*,*,*,*
513027841,2,513027743,,2,1,1,*,*,*,*,*,*,*,*,*,*,*,*,*,*,*,*,*,*,*,*,*,1,1,*,*,*,*,*,*,*,*,*,*,*,*,*,*,*
513027853,2,513027963,,1,0,1,*,*,*,*,*,*,*,*,*,*,*,*,*,*,*,*,*,*,*,*,*,1,1,*,*,*,*,*,*,*,*,*,*,*,*,*,*,*
513027854,2,513027963,,2,1,1,*,*,*,*,*,*,*,*,*,*,*,*,*,*,*,*,*,*,*,*,*,1,1,*,*,*,*,*,*,*,*,*,*,*,*,*,*,*
513027861,2,513027864,,2,1,1,*,*,*,*,*,*,*,*,*,*,*,*,*,*,*,*,*,*,*,*,*,1,1,*,*,*,*,*,*,*,*,*,*,*,*,*,*,*
513027862,2,513027864,,7,4,3,*,*,*,*,*,*,*,*,*,*,*,*,*,*,*,*,*,*,*,*,*,3,3,*,*,*,*,*,*,*,*,*,*,*,*,*,*,*
513027863,2,513027864,,5,1,4,*,*,*,*,*,*,*,*,*,*,*,*,*,*,*,*,*,*,*,*,*,3,3,*,*,*,*,*,*,*,*,*,*,*,*,*,*,*
513027864,1,,513027764;513027861;513027862;513027863,30,13,17,0,0,0,47,20,27,26,13,13,44,19,25,21,7,14,13,2,11,0,0,0,12,12,5,7,4,4,0,0,0,14,9,5,0,16,0,5,4
513027871,1,,513027981,19,10,9,4,3,1,20,9,11,13,6,7,19,8,11,7,3,4,4,1,3,0,0,0,7,7,1,3,1,1,2,0,0,7,4,3,2,5,0,0,2
513027883,2,513027773,,2,1,1,*,*,*,*,*,*,*,*,*,*,*,*,*,*,*,*,*,*,*,*,*,1,1,*,*,*,*,*,*,*,*,*,*,*,*,*,*,*
513027924,0,,,111,42,69,3,2,1,108,40,68,40,21,19,108,40,68,68,19,49,39,8,31,0,0,0,63,63,32,20,6,4,1,0,0,31,23,8,1,51,0,27,11
513027933,2,513027934,,7,3,4,*,*,*,*,*,*,*,*,*,*,*,*,*,*,*,*,*,*,*,*,*,3,3,*,*,*,*,*,*,*,*,*,*,*,*,*,*,*
513027934,1,,513027933;513027942,6,2,4,2,1,1,13,5,8,8,3,5,12,5,7,5,2,3,5,2,3,0,0,0,3,3,2,3,1,1,0,0,0,5,5,0,0,3,0,1,2
513027942,2,513027934,,2,1,1,*,*,*,*,*,*,*,*,*,*,*,*,*,*,*,*,*,*,*,*,*,1,1,*,*,*,*,*,*,*,*,*,*,*,*,*,*,*
513027951,2,513027954,,3,2,1,*,*,*,*,*,*,*,*,*,*,*,*,*,*,*,*,*,*,*,*,*,1,1,*,*,*,*,*,*,*,*,*,*,*,*,*,*,*
513027953,2,513027954,,5,3,2,*,*,*,*,*,*,*,*,*,*,*,*,*,*,*,*,*,*,*,*,*,2,2,*,*,*,*,*,*,*,*,*,*,*,*,*,*,*
513027954,1,,513027951;513027953,4,2,2,0,0,0,12,7,5,5,4,1,12,7,5,7,3,4,5,2,3,0,0,0,2,2,0,3,2,0,0,0,0,5,5,0,0,4,0,0,1
513027961,0,,,20,9,11,0,0,0,20,9,11,4,3,1,20,9,11,16,6,10,5,2,3,0,0,0,10,10,4,3,2,1,0,0,0,6,4,2,0,10,0,4,3
513027962,0,,,15,7,8,0,0,0,15,7,8,2,1,1,15,7,8,13,6,7,3,1,2,0,0,0,6,6,0,4,1,1,0,0,0,6,4,2,0,6,0,0,4
513027963,1,,513027853;513027854,16,9,7,3,3,0,16,7,9,7,3,4,15,7,8,9,4,5,3,1,2,1,0,1,5,5,2,2,1,1,0,1,0,5,4,1,1,6,0,2,2
513027964,0,,,12,7,5,0,0,0,12,7,5,8,6,2,11,6,5,4,1,3,1,0,1,0,0,0,4,4,0,1,2,1,0,0,0,4,3,1,0,3,0,0,1
513027981,2,513027871,,5,2,3,*,*,*,*,*,*,*,*,*,*,*,*,*,*,*,*,*,*,*,*,*,1,1,*,*,*,*,*,*,*,*,*,*,*,*,*,*,*
513027994,2,513027773,,4,1,3,*,*,*,*,*,*,*,*,*,*,*,*,*,*,*,*,*,*,*,*,*,2,2,*,*,*,*,*,*,*,*,*,*,*,*,*,*,*
513037022,0,,,42,19,23,2,1,1,40,18,22,16,7,9,39,18,21,24,11,13,12,6,6,1,0,1,18,18,3,10,2,2,1,0,0,15,13,2,0,14,0,2,8
513037031,0,,,125,60,65,12,7,5,113,53,60,73,34,39,107,49,58,40,19,21,19,10,9,0,0,0,52,52,14,19,7,8,4,0,0,38,31,7,2,27,0,8,9
513037033,0,,,12,6,6,2,0,2,10,6,4,8,5,3,10,6,4,2,1,1,2,1,1,0,0,0,5,5,0,4,0,1,0,0,0,5,4,1,1,1,0,0,1
513037034,1,,513037043,11,5,6,0,0,0,14,6,8,6,3,3,14,6,8,8,3,5,5,1,4,0,0,0,4,4,0,2,2,1,0,0,0,5,2,3,0,5,0,0,2
513037043,2,513037034,,3,1,2,*,*,*,*,*,*,*,*,*,*,*,*,*,*,*,*,*,*,*,*,*,1,1,*,*,*,*,*,*,*,*,*,*,*,*,*,*,*
513037071,2,513037072,,9,6,3,*,*,*,*,*,*,*,*,*,*,*,*,*,*,*,*,*,*,*,*,*,4,4,*,*,*,*,*,*,*,*,*,*,*,*,*,*,*
513037072,1,,513037071;513037074,7,2,5,0,0,0,22,11,11,12,8,4,22,11,11,10,3,7,8,2,6,0,0,0,3,3,3,2,1,3,0,0,0,6,3,3,0,8,0,2,1
513037074,2,513037072,,6,3,3,*,*,*,*,*,*,*,*,*,*,*,*,*,*,*,*,*,*,*,*,*,2,2,*,*,*,*,*,*,*,*,*,*,*,*,*,*,*
513037081,2,513037083,,11,5,6,*,*,*,*,*,*,*,*,*,*,*,*,*,*,*,*,*,*,*,*,*,3,3,*,*,*,*,*,*,*,*,*,*,*,*,*,*,*
513037083,1,,513037081,2,1,1,1,1,0,12,5,7,5,2,3,10,5,5,7,3,4,0,0,0,0,0,0,1,1,0,3,0,0,0,0,1,4,3,1,0,4,0,0,2
513037091,1,,513037094,8,4,4,0,0,0,15,7,8,8,5,3,15,7,8,7,2,5,5,1,4,0,0,0,4,4,3,3,2,0,0,0,0,5,3,2,0,6,0,2,0
513037094,2,513037091,,7,3,4,*,*,*,*,*,*,*,*,*,*,*,*,*,*,*,*,*,*,*,*,*,4,4,*,*,*,*,*,*,*,*,*,*,*,*,*,*,*
513037114,0,,,22,7,15,2,0,2,20,7,13,7,3,4,20,7,13,13,4,9,5,2,3,0,0,0,9,9,5,1,1,1,0,0,1,4,1,3,0,9,0,5,0
513037123,2,513037221,,2,1,1,*,*,*,*,*,*,*,*,*,*,*,*,*,*,*,*,*,*,*,*,*,1,1,*,*,*,*,*,*,*,*,*,*,*,*,*,*,*
513037124,2,513037221,,1,0,1,*,*,*,*,*,*,*,*,*,*,*,*,*,*,*,*,*,*,*,*,*,1,1,*,*,*,*,*,*,*,*,*,*,*,*,*,*,*
513037131,1,,513037133;513037134,15,7,8,2,1,1,23,11,12,10,4,6,23,11,12,13,7,6,9,4,5,0,0,0,5,5,1,4,1,2,1,0,0,8,5,3,0,7,0,1,2
513037133,2,513037131,,5,2,3,*,*,*,*,*,*,*,*,*,*,*,*,*,*,*,*,*,*,*,*,*,1,1,*,*,*,*,*,*,*,*,*,*,*,*,*,*,*
513037134,2,513037131,,5,3,2,*,*,*,*,*,*,*,*,*,*,*,*,*,*,*,*,*,*,*,*,*,3,3,*,*,*,*,*,*,*,*,*,*,*,*,*,*,*
513037141,1,,513037142;513037143,8,4,4,0,0,0,19,10,9,10,6,4,19,10,9,9,4,5,6,4,2,0,0,0,4,4,1,4,2,1,0,0,0,7,6,1,0,6,0,1,1
513037142,2,513037141,,7,4,3,*,*,*,*,*,*,*,*,*,*,*,*,*,*,*,*,*,*,*,*,*,2,2,*,*,*,*,*,*,*,*,*,*,*,*,*,*,*
513037143,2,513037141,,4,2,2,*,*,*,*,*,*,*,*,*,*,*,*,*,*,*,*,*,*,*,*,*,2,2,*,*,*,*,*,*,*,*,*,*,*,*,*,*,*
513037144,0,,,13,8,5,0,0,0,13,8,5,6,4,2,13,8,5,7,4,3,4,2,2,0,0,0,7,7,4,2,0,0,1,0,0,3,3,0,0,5,0,3,2
513037171,1,,513037172,3,2,1,0,0,0,17,10,7,7,5,2,17,10,7,10,5,5,8,5,3,0,0,0,1,1,1,4,1,0,1,0,0,6,5,1,0,6,0,1,3
513037172,2,513037171,,14,8,6,*,*,*,*,*,*,*,*,*,*,*,*,*,*,*,*,*,*,*,*,*,6,6,*,*,*,*,*,*,*,*,*,*,*,*,*,*,*
513037181,2,513037182,,7,5,2,*,*,*,*,*,*,*,*,*,*,*,*,*,*,*,*,*,*,*,*,*,4,4,*,*,*,*,*,*,*,*,*,*,*,*,*,*,*
513037182,1,,513037181,18,10,8,2,2,0,23,13,10,14,8,6,22,12,10,9,5,4,6,4,2,0,0,0,7,7,3,5,1,1,1,0,0,8,6,2,1,7,0,3,1
513037191,2,513037193,,4,2,2,*,*,*,*,*,*,*,*,*,*,*,*,*,*,*,*,*,*,*,*,*,2,2,*,*,*,*,*,*,*,*,*,*,*,*,*,*,*
513037192,2,513037193,,8,3,5,*,*,*,*,*,*,*,*,*,*,*,*,*,*,*,*,*,*,*,*,*,4,4,*,*,*,*,*,*,*,*,*,*,*,*,*,*,*
513037193,1,,513037191;513037192,27,13,14,3,2,1,36,16,20,12,7,5,36,16,20,24,9,15,11,4,7,0,0,0,12,12,7,6,4,0,0,0,1,11,6,5,1,16,0,6,5
513037194,0,,,12,7,5,0,0,0,12,7,5,3,1,2,12,7,5,9,6,3,2,2,0,0,0,0,7,7,3,3,1,0,0,0,0,4,4,0,0,6,0,2,3
513037204,0,,,24,12,12,0,0,0,24,12,12,10,4,6,24,12,12,14,8,6,5,2,3,0,0,0,13,13,5,5,3,0,0,0,0,8,8,0,0,10,1,2,5
513037212,1,,513037214,15,6,9,1,1,0,20,8,12,8,4,4,20,8,12,12,4,8,4,0,4,0,0,0,8,8,3,5,0,2,0,0,0,7,5,2,1,8,0,3,2
513037213,0,,,377,171,206,21,10,11,356,161,195,169,83,86,343,154,189,187,78,109,87,33,54,0,0,0,193,193,75,78,25,8,4,2,1,115,100,15,4,138,0,58,41
513037214,2,513037212,,6,3,3,*,*,*,*,*,*,*,*,*,*,*,*,*,*,*,*,*,*,*,*,*,2,2,*,*,*,*,*,*,*,*,*,*,*,*,*,*,*
513037221,1,,513037123;513037124,13,4,9,0,0,0,16,5,11,4,1,3,16,5,11,12,4,8,4,1,3,0,0,0,7,7,4,3,2,0,0,0,0,5,4,1,0,8,0,4,3
513037223,1,,513037224,13,7,6,2,2,0,15,7,8,5,2,3,15,7,8,10,5,5,5,2,3,0,0,0,5,5,1,5,0,0,0,1,0,6,5,1,0,6,0,1,3
513037224,2,513037223,,4,2,2,*,*,*,*,*,*,*,*,*,*,*,*,*,*,*,*,*,*,*,*,*,2,2,*,*,*,*,*,*,*,*,*,*,*,*,*,*,*
513037234,2,513037331,,3,2,1,*,*,*,*,*,*,*,*,*,*,*,*,*,*,*,*,*,*,*,*,*,1,1,*,*,*,*,*,*,*,*,*,*,*,*,*,*,*
513037241,1,,513037242,12,5,7,1,0,1,14,6,8,7,3,4,14,6,8,7,3,4,4,2,2,0,0,0,5,5,1,2,2,1,0,0,0,5,3,2,0,5,0,1,0
513037242,2,513037241,,3,1,2,*,*,*,*,*,*,*,*,*,*,*,*,*,*,*,*,*,*,*,*,*,1,1,*,*,*,*,*,*,*,*,*,*,*,*,*,*,*
513037243,2,513037244,,6,3,3,*,*,*,*,*,*,*,*,*,*,*,*,*,*,*,*,*,*,*,*,*,3,3,*,*,*,*,*,*,*,*,*,*,*,*,*,*,*
513037244,1,,513037243,16,10,6,3,2,1,19,11,8,9,7,2,19,11,8,10,4,6,5,2,3,0,0,0,6,6,3,3,2,0,0,0,1,6,2,4,0,7,0,2,2
513037253,1,,513037254,30,16,14,1,0,1,34,19,15,22,12,10,32,17,15,12,7,5,4,3,1,0,0,0,13,13,3,6,4,2,0,0,0,12,11,1,0,9,0,2,3
513037254,2,513037253,,5,3,2,*,*,*,*,*,*,*,*,*,*,*,*,*,*,*,*,*,*,*,*,*,2,2,*,*,*,*,*,*,*,*,*,*,*,*,*,*,*
513037264,2,513037354,,6,4,2,*,*,*,*,*,*,*,*,*,*,*,*,*,*,*,*,*,*,*,*,*,1,1,*,*,*,*,*,*,*,*,*,*,*,*,*,*,*
513037284,0,,,42,21,21,3,2,1,39,19,20,20,9,11,37,18,19,19,10,9,8,4,4,1,0,1,15,15,6,1,4,1,1,1,1,9,3,6,0,14,0,5,1
513037291,0,,,41,18,23,0,0,0,41,18,23,21,10,11,41,18,23,20,8,12,7,4,3,0,0,0,24,24,13,7,2,2,0,0,0,11,11,0,0,15,0,8,6
513037292,0,,,22,11,11,2,2,0,20,9,11,9,5,4,19,9,10,11,4,7,9,3,6,0,0,0,11,11,5,4,1,0,0,1,0,5,2,3,0,9,0,4,2
513037293,0,,,70,21,49,0,0,0,70,21,49,7,4,3,70,21,49,63,17,46,56,12,44,0,0,0,7,6,1,3,2,0,0,0,0,5,5,0,0,5,0,1,2
513037294,0,,,36,14,22,3,1,2,33,13,20,17,7,10,31,11,20,16,6,10,6,3,3,0,0,0,16,16,5,6,2,2,1,0,0,11,9,2,1,11,0,4,3
513037302,0,,,38,22,16,1,1,0,37,21,16,15,9,6,36,20,16,22,12,10,10,7,3,0,0,0,21,21,11,4,5,1,0,0,0,10,9,1,0,16,0,8,3
513037311,0,,,162,70,92,6,2,4,156,68,88,75,34,41,151,64,87,81,34,47,45,20,25,0,0,0,78,78,26,31,14,4,2,1,0,51,45,6,0,57,0,21,12
513037312,1,,513037313;513037314,17,8,9,0,0,0,22,10,12,7,5,2,22,10,12,15,5,10,12,4,8,0,0,0,9,9,4,6,2,0,0,0,0,8,5,3,0,12,0,4,4
513037313,2,513037312,,1,0,1,*,*,*,*,*,*,*,*,*,*,*,*,*,*,*,*,*,*,*,*,*,1,1,*,*,*,*,*,*,*,*,*,*,*,*,*,*,*
513037314,2,513037312,,4,2,2,*,*,*,*,*,*,*,*,*,*,*,*,*,*,*,*,*,*,*,*,*,2,2,*,*,*,*,*,*,*,*,*,*,*,*,*,*,*
513037321,0,,,12,5,7,2,1,1,10,4,6,5,2,3,10,4,6,5,2,3,1,0,1,0,0,0,5,5,2,2,0,0,0,1,0,3,2,1,0,3,0,1,1
513037322,2,513037324,,5,2,3,*,*,*,*,*,*,*,*,*,*,*,*,*,*,*,*,*,*,*,*,*,1,1,*,*,*,*,*,*,*,*,*,*,*,*,*,*,*
513037323,0,,,16,5,11,3,0,3,13,5,8,8,3,5,13,5,8,5,2,3,5,2,3,0,0,0,4,4,1,1,0,0,0,1,1,3,1,2,1,4,0,1,0
513037324,1,,513037322,28,14,14,1,0,1,32,16,16,14,7,7,32,16,16,18,9,9,11,5,6,0,0,0,14,14,5,5,3,1,1,0,0,10,5,5,1,14,0,4,4
513037331,1,,513037334;513037234,19,11,8,3,3,0,24,11,13,11,6,5,23,11,12,13,5,8,7,2,5,0,0,0,7,7,5,4,1,0,1,1,0,7,6,1,1,9,0,4,1
513037333,0,,,14,7,7,0,0,0,14,7,7,6,3,3,14,7,7,8,4,4,3,2,1,0,0,0,6,6,1,2,3,0,0,0,0,5,2,3,0,6,0,1,1
513037334,2,513037331,,5,1,4,*,*,*,*,*,*,*,*,*,*,*,*,*,*,*,*,*,*,*,*,*,4,4,*,*,*,*,*,*,*,*,*,*,*,*,*,*,*
513037341,2,513037342,,3,1,2,*,*,*,*,*,*,*,*,*,*,*,*,*,*,*,*,*,*,*,*,*,1,1,*,*,*,*,*,*,*,*,*,*,*,*,*,*,*
513037342,1,,513037341;513037344,21,9,12,3,2,1,33,14,19,20,9,11,33,14,19,13,5,8,7,2,5,0,0,0,8,8,3,6,5,0,0,1,0,12,9,3,0,8,0,2,1
513037344,2,513037342,,12,6,6,*,*,*,*,*,*,*,*,*,*,*,*,*,*,*,*,*,*,*,*,*,6,6,*,*,*,*,*,*,*,*,*,*,*,*,*,*,*
513037351,0,,,38,14,24,1,1,0,37,13,24,11,5,6,37,13,24,26,8,18,17,5,12,0,0,0,16,16,4,5,4,3,0,0,0,12,5,7,0,16,0,4,4
513037352,0,,,16,9,7,0,0,0,16,9,7,9,6,3,16,9,7,7,3,4,4,2,2,0,0,0,8,8,3,3,1,1,0,0,0,5,5,0,0,4,0,1,1
513037353,0,,,40,17,23,2,2,0,38,15,23,19,9,10,37,15,22,19,6,13,11,4,7,0,0,0,17,17,5,7,2,2,0,0,1,12,9,3,1,13,0,4,3
513037354,1,,513037264,134,57,77,6,0,6,134,61,73,84,41,43,126,57,69,50,20,30,17,5,12,0,0,0,54,50,19,13,12,4,0,2,1,32,25,7,1,30,4,8,9
513037361,1,,513037363;513037364,3,2,1,1,1,0,16,7,9,9,4,5,16,7,9,7,3,4,5,3,2,3,1,2,1,1,1,2,4,0,0,0,0,6,5,1,0,4,0,1,1
513037363,2,513037361,,4,2,2,*,*,*,*,*,*,*,*,*,*,*,*,*,*,*,*,*,*,*,*,*,2,2,*,*,*,*,*,*,*,*,*,*,*,*,*,*,*
513037364,2,513037361,,10,4,6,*,*,*,*,*,*,*,*,*,*,*,*,*,*,*,*,*,*,*,*,*,4,4,*,*,*,*,*,*,*,*,*,*,*,*,*,*,*
513037371,1,,513037372;513037374,2,1,1,0,0,0,13,6,7,5,3,2,13,6,7,8,3,5,5,2,3,0,0,0,1,1,0,3,1,1,0,0,0,5,4,1,0,5,0,0,1
513037372,2,513037371,,3,2,1,*,*,*,*,*,*,*,*,*,*,*,*,*,*,*,*,*,*,*,*,*,1,1,*,*,*,*,*,*,*,*,*,*,*,*,*,*,*
513037374,2,513037371,,8,3,5,*,*,*,*,*,*,*,*,*,*,*,*,*,*,*,*,*,*,*,*,*,3,3,*,*,*,*,*,*,*,*,*,*,*,*,*,*,*
513037381,0,,,24,10,14,3,1,2,21,9,12,14,7,7,21,9,12,7,2,5,6,2,4,0,0,0,7,7,1,1,2,1,1,1,0,6,2,4,1,5,0,0,0
513037382,0,,,14,6,8,1,0,1,13,6,7,5,3,2,12,5,7,8,3,5,3,2,1,0,0,0,6,6,2,2,1,0,1,0,0,4,3,1,0,6,0,2,1
513037384,1,,513037482,10,4,6,0,0,0,12,5,7,3,1,2,12,5,7,9,4,5,5,2,3,0,0,0,5,5,1,4,1,0,0,0,0,5,5,0,0,5,0,1,3
513037391,0,,,26,12,14,4,0,4,22,12,10,12,5,7,22,12,10,10,7,3,3,2,1,0,0,0,10,10,2,4,1,2,1,0,0,8,6,2,2,8,0,2,3
513037392,2,513037393,,2,1,1,*,*,*,*,*,*,*,*,*,*,*,*,*,*,*,*,*,*,*,*,*,1,1,*,*,*,*,*,*,*,*,*,*,*,*,*,*,*
513037393,1,,513037392,27,14,13,3,2,1,26,13,13,9,4,5,26,13,13,17,9,8,8,4,4,0,0,0,11,11,1,7,3,0,1,0,0,11,10,1,1,10,0,1,5
513037394,0,,,20,9,11,0,0,0,20,9,11,8,3,5,20,9,11,12,6,6,8,4,4,0,0,0,8,8,1,4,2,0,1,0,0,7,4,3,0,7,0,1,3
513037403,1,,513037404,18,6,12,2,1,1,20,7,13,6,1,5,20,7,13,14,6,8,8,3,5,0,0,0,9,9,4,3,4,0,0,0,0,7,5,2,0,10,0,4,3
513037404,2,513037403,,4,2,2,*,*,*,*,*,*,*,*,*,*,*,*,*,*,*,*,*,*,*,*,*,2,2,*,*,*,*,*,*,*,*,*,*,*,*,*,*,*
513037411,0,,,34,16,18,2,0,2,32,16,16,12,8,4,30,14,16,20,8,12,10,3,7,0,0,0,17,17,5,7,5,0,0,0,0,12,11,1,1,13,0,4,4
513037412,0,,,21,11,10,2,1,1,19,10,9,9,6,3,18,9,9,10,4,6,3,1,2,0,0,0,8,8,0,5,2,0,1,0,0,8,7,1,0,7,0,0,2
513037413,0,,,26,13,13,2,2,0,24,11,13,9,4,5,24,11,13,15,7,8,6,2,4,0,0,0,13,13,2,10,0,1,0,0,0,10,10,0,1,10,0,2,5
513037421,0,,,37,18,19,5,3,2,32,15,17,18,9,9,29,14,15,14,6,8,7,3,4,0,0,0,11,11,0,3,4,2,1,1,0,11,7,4,2,8,0,0,2
513037422,0,,,41,17,24,0,0,0,41,17,24,19,8,11,40,17,23,22,9,13,14,5,9,0,0,0,18,18,3,8,6,1,0,0,0,15,12,3,0,14,0,2,3
513037423,0,,,17,7,10,5,2,3,12,5,7,9,5,4,12,5,7,3,0,3,2,0,2,0,0,0,4,4,0,2,0,0,1,0,1,4,2,2,1,2,0,0,0
513037424,0,,,33,15,18,2,1,1,31,14,17,18,10,8,30,13,17,13,4,9,8,2,6,0,0,0,10,10,2,2,2,0,3,1,0,8,4,4,0,9,0,2,1
513037433,1,,513037522,13,7,6,0,0,0,19,9,10,10,6,4,19,9,10,9,3,6,5,1,4,0,0,0,5,5,1,3,4,0,0,0,0,7,5,2,0,6,0,1,1
513037442,2,513037451,,4,2,2,*,*,*,*,*,*,*,*,*,*,*,*,*,*,*,*,*,*,*,*,*,2,2,*,*,*,*,*,*,*,*,*,*,*,*,*,*,*
513037451,1,,513037442;513037453,92,38,54,3,1,2,99,42,57,43,20,23,93,40,53,56,22,34,27,9,18,2,1,1,44,44,14,25,6,2,1,0,1,34,28,6,1,38,0,9,14
513037452,0,,,267,105,162,30,12,18,237,93,144,115,58,57,225,84,141,122,35,87,74,13,61,1,0,1,94,93,28,33,16,7,7,2,0,65,55,10,9,52,1,18,16
513037453,2,513037451,,6,3,3,*,*,*,*,*,*,*,*,*,*,*,*,*,*,*,*,*,*,*,*,*,3,3,*,*,*,*,*,*,*,*,*,*,*,*,*,*,*
513037454,0,,,361,164,197,56,29,27,305,135,170,187,87,100,287,127,160,118,48,70,57,14,43,0,0,0,130,129,28,46,24,19,9,1,2,101,91,10,13,63,0,16,24
513037461,0,,,24,12,12,1,0,1,23,12,11,11,6,5,21,11,10,12,6,6,9,5,4,0,0,0,14,14,7,5,1,1,0,0,0,7,7,0,0,8,0,4,4
513037462,0,,,24,13,11,4,4,0,20,9,11,13,4,9,18,8,10,7,5,2,1,1,0,2,1,1,7,7,0,3,2,0,1,0,1,7,5,2,1,5,0,0,3
513037463,0,,,133,62,71,6,2,4,127,60,67,64,34,30,121,57,64,63,26,37,30,8,22,0,0,0,65,65,23,23,14,4,0,1,0,42,33,9,2,45,0,16,11
513037464,0,,,62,33,29,5,3,2,57,30,27,34,18,16,52,27,25,23,12,11,16,8,8,0,0,0,21,21,5,5,4,3,1,3,0,16,8,8,1,18,0,4,2
513037471,1,,513037474;513037584,35,17,18,2,1,1,42,21,21,20,11,9,41,21,20,22,10,12,9,4,5,1,0,1,18,18,9,11,3,1,0,0,0,15,14,1,1,15,1,6,6
513037472,0,,,24,8,16,2,0,2,22,8,14,9,5,4,22,8,14,13,3,10,8,1,7,0,0,0,9,9,3,3,1,0,1,0,1,6,4,2,1,9,0,3,2
513037473,0,,,9,4,5,0,0,0,9,4,5,1,0,1,9,4,5,8,4,4,5,3,2,0,0,0,4,4,0,3,1,0,0,0,0,4,3,1,0,4,0,0,3
513037474,2,513037471,,7,4,3,*,*,*,*,*,*,*,*,*,*,*,*,*,*,*,*,*,*,*,*,*,5,5,*,*,*,*,*,*,*,*,*,*,*,*,*,*,*
513037482,2,513037384,,2,1,1,*,*,*,*,*,*,*,*,*,*,*,*,*,*,*,*,*,*,*,*,*,1,1,*,*,*,*,*,*,*,*,*,*,*,*,*,*,*
513037501,0,,,90,32,58,5,3,2,85,29,56,14,8,6,84,29,55,71,21,50,48,12,36,0,0,0,14,13,1,4,3,3,2,0,0,12,8,4,0,10,0,1,4
513037502,0,,,80,35,45,9,6,3,71,29,42,29,12,17,67,28,39,42,17,25,17,3,14,0,0,0,34,33,9,14,4,5,1,0,0,23,20,3,0,26,0,8,11
513037504,0,,,48,21,27,4,2,2,44,19,25,23,10,13,44,19,25,21,9,12,6,2,4,0,0,0,22,22,8,7,3,3,1,0,0,14,11,3,1,15,0,6,5
513037511,1,,513037512;513037513,30,17,13,3,3,0,45,25,20,21,13,8,45,25,20,24,12,12,13,6,7,1,0,1,16,16,8,10,2,1,2,0,0,15,13,2,1,16,1,4,8
513037512,2,513037511,,7,3,4,*,*,*,*,*,*,*,*,*,*,*,*,*,*,*,*,*,*,*,*,*,4,4,*,*,*,*,*,*,*,*,*,*,*,*,*,*,*
513037513,2,513037511,,11,8,3,*,*,*,*,*,*,*,*,*,*,*,*,*,*,*,*,*,*,*,*,*,3,3,*,*,*,*,*,*,*,*,*,*,*,*,*,*,*
513037522,2,513037433,,6,2,4,*,*,*,*,*,*,*,*,*,*,*,*,*,*,*,*,*,*,*,*,*,3,3,*,*,*,*,*,*,*,*,*,*,*,*,*,*,*
513037531,2,513037532,,5,2,3,*,*,*,*,*,*,*,*,*,*,*,*,*,*,*,*,*,*,*,*,*,3,3,*,*,*,*,*,*,*,*,*,*,*,*,*,*,*
513037532,1,,513037531;513037533,4,2,2,0,0,0,14,7,7,3,2,1,14,7,7,11,5,6,7,5,2,0,0,0,2,2,4,5,0,0,0,0,0,5,5,0,0,7,0,3,4
513037533,2,513037532,,5,3,2,*,*,*,*,*,*,*,*,*,*,*,*,*,*,*,*,*,*,*,*,*,4,4,*,*,*,*,*,*,*,*,*,*,*,*,*,*,*
513037541,2,513037544,,2,1,1,*,*,*,*,*,*,*,*,*,*,*,*,*,*,*,*,*,*,*,*,*,1,1,*,*,*,*,*,*,*,*,*,*,*,*,*,*,*
513037542,2,513037544,,10,4,6,*,*,*,*,*,*,*,*,*,*,*,*,*,*,*,*,*,*,*,*,*,4,4,*,*,*,*,*,*,*,*,*,*,*,*,*,*,*
513037543,2,513037544,,8,3,5,*,*,*,*,*,*,*,*,*,*,*,*,*,*,*,*,*,*,*,*,*,3,3,*,*,*,*,*,*,*,*,*,*,*,*,*,*,*
513037544,1,,513037541;513037542;513037543,27,11,16,6,1,5,41,18,23,13,6,7,41,18,23,28,12,16,9,3,6,0,0,0,14,14,5,12,3,1,1,0,0,16,15,1,0,17,0,4,8
513037551,0,,,64,29,35,10,3,7,54,26,28,32,16,16,52,25,27,22,10,12,10,5,5,0,0,0,27,27,6,11,6,2,2,0,0,21,21,0,1,15,0,5,6
513037552,0,,,155,53,102,11,4,7,144,49,95,74,35,39,131,44,87,70,14,56,61,10,51,1,1,0,40,39,15,7,10,4,0,1,2,23,22,1,1,9,2,5,1
513037553,0,,,22,9,13,1,1,0,21,8,13,9,4,5,21,8,13,12,4,8,6,3,3,0,0,0,12,12,4,7,0,1,0,0,0,8,7,1,0,8,0,2,3
513037561,0,,,117,46,71,11,5,6,106,41,65,57,23,34,100,39,61,49,18,31,25,8,17,0,0,0,53,51,21,13,8,6,2,1,0,30,20,10,1,34,1,11,8
513037562,0,,,42,17,25,4,1,3,38,16,22,14,7,7,38,16,22,24,9,15,13,5,8,0,0,0,23,23,11,9,0,2,1,0,0,12,10,2,1,19,0,11,5
513037563,0,,,9,4,5,0,0,0,9,4,5,3,2,1,9,4,5,6,2,4,3,1,2,0,0,0,6,6,4,1,1,0,0,0,0,2,2,0,0,5,0,4,0
513037564,0,,,25,12,13,3,1,2,22,11,11,13,6,7,21,10,11,9,5,4,5,3,2,0,0,0,9,9,1,4,1,2,1,0,0,8,6,2,0,5,0,0,3
513037584,2,513037471,,2,1,1,*,*,*,*,*,*,*,*,*,*,*,*,*,*,*,*,*,*,*,*,*,1,1,*,*,*,*,*,*,*,*,*,*,*,*,*,*,*
513037602,0,,,21,10,11,2,1,1,19,9,10,6,5,1,19,9,10,13,4,9,6,2,4,0,0,0,10,10,3,5,1,0,1,0,0,7,5,2,1,9,0,2,3
513037604,0,,,274,129,145,6,2,4,268,127,141,125,66,59,262,123,139,143,61,82,76,29,47,0,0,0,133,133,45,53,21,12,1,0,1,88,75,13,2,95,0,28,32
513037611,0,,,9,4,5,0,0,0,9,4,5,3,0,3,9,4,5,6,4,2,3,1,2,0,0,0,5,5,2,2,1,0,0,0,0,3,1,2,0,4,0,2,1
513037612,0,,,17,9,8,0,0,0,17,9,8,9,7,2,16,8,8,8,2,6,5,2,3,0,0,0,7,7,3,1,1,1,1,0,0,4,3,1,0,6,0,3,0
513037613,0,,,24,11,13,2,2,0,22,9,13,12,5,7,22,9,13,10,4,6,5,2,3,0,0,0,10,10,2,4,3,0,1,0,0,8,7,1,1,7,0,2,2
513037621,2,513037624,,6,3,3,*,*,*,*,*,*,*,*,*,*,*,*,*,*,*,*,*,*,*,*,*,3,3,*,*,*,*,*,*,*,*,*,*,*,*,*,*,*
513037623,2,513037624,,3,1,2,*,*,*,*,*,*,*,*,*,*,*,*,*,*,*,*,*,*,*,*,*,2,2,*,*,*,*,*,*,*,*,*,*,*,*,*,*,*
513037624,1,,513037621;513037623,28,12,16,1,1,0,36,15,21,16,8,8,35,14,21,20,7,13,13,5,8,0,0,0,11,11,3,8,2,3,0,0,0,13,9,4,0,14,0,3,4
513037631,0,,,21,8,13,0,0,0,21,8,13,11,6,5,21,8,13,10,2,8,5,0,5,0,0,0,9,9,2,3,3,1,0,0,0,7,3,4,0,7,0,2,1
513037632,0,,,8,4,4,0,0,0,8,4,4,4,2,2,8,4,4,4,2,2,3,1,2,0,0,0,6,6,4,2,0,0,0,0,0,2,2,0,0,3,0,1,2
513037633,1,,513037634,12,5,7,2,1,1,12,5,7,4,1,3,12,5,7,8,4,4,3,2,1,0,0,0,4,4,0,4,0,0,0,1,0,5,4,1,1,4,0,0,3
513037634,2,513037633,,2,1,1,*,*,*,*,*,*,*,*,*,*,*,*,*,*,*,*,*,*,*,*,*,1,1,*,*,*,*,*,*,*,*,*,*,*,*,*,*,*
513037642,2,513037651,,1,1,0,*,*,*,*,*,*,*,*,*,*,*,*,*,*,*,*,*,*,*,*,*,1,1,*,*,*,*,*,*,*,*,*,*,*,*,*,*,*
513037643,2,513037651,,3,2,1,*,*,*,*,*,*,*,*,*,*,*,*,*,*,*,*,*,*,*,*,*,1,1,*,*,*,*,*,*,*,*,*,*,*,*,*,*,*
513037644,2,513037651,,2,1,1,*,*,*,*,*,*,*,*,*,*,*,*,*,*,*,*,*,*,*,*,*,1,1,*,*,*,*,*,*,*,*,*,*,*,*,*,*,*
513037651,1,,513037642;513037643;513037644,14,5,9,0,0,0,20,9,11,10,4,6,19,9,10,10,5,5,4,1,3,0,0,0,6,6,2,4,2,1,0,0,0,7,5,2,0,7,0,1,3
513037652,0,,,18,9,9,3,3,0,15,6,9,9,4,5,13,6,7,6,2,4,2,0,2,0,0,0,4,4,0,0,2,1,0,0,1,4,2,2,0,3,0,0,0
513037653,0,,,14,9,5,0,0,0,14,9,5,7,6,1,13,8,5,7,3,4,2,1,1,0,0,0,5,5,0,3,0,2,0,0,0,5,4,1,0,4,0,0,1
513037654,0,,,20,9,11,2,1,1,18,8,10,11,5,6,18,8,10,7,3,4,5,2,3,0,0,0,7,7,1,3,0,2,1,0,0,6,4,2,1,4,0,1,2
513037661,1,,513037662,25,13,12,2,1,1,26,13,13,7,4,3,25,13,12,19,9,10,5,2,3,0,0,0,9,9,1,8,1,0,0,0,1,10,9,1,0,10,0,1,6
513037662,2,513037661,,3,1,2,*,*,*,*,*,*,*,*,*,*,*,*,*,*,*,*,*,*,*,*,*,2,2,*,*,*,*,*,*,*,*,*,*,*,*,*,*,*
513037663,0,,,15,6,9,0,0,0,15,6,9,6,2,4,14,5,9,9,4,5,5,3,2,0,0,0,6,6,0,4,1,1,0,0,0,6,4,2,0,5,0,0,3
513037664,0,,,20,10,10,2,1,1,18,9,9,10,5,5,18,9,9,8,4,4,4,1,3,0,0,0,6,6,0,2,1,2,1,0,0,6,4,2,0,5,0,0,1
513037681,2,513037693,,1,0,1,*,*,*,*,*,*,*,*,*,*,*,*,*,*,*,*,*,*,*,*,*,1,1,*,*,*,*,*,*,*,*,*,*,*,*,*,*,*
513037683,2,513037693,,2,1,1,*,*,*,*,*,*,*,*,*,*,*,*,*,*,*,*,*,*,*,*,*,1,1,*,*,*,*,*,*,*,*,*,*,*,*,*,*,*
513037684,2,513037693,,4,2,2,*,*,*,*,*,*,*,*,*,*,*,*,*,*,*,*,*,*,*,*,*,2,2,*,*,*,*,*,*,*,*,*,*,*,*,*,*,*
513037693,1,,513037681;513037683;513037684,4,1,3,0,0,0,11,4,7,5,2,3,11,4,7,6,2,4,5,2,3,0,0,0,1,1,1,3,0,1,0,0,0,4,3,1,0,4,0,1,2
513037702,0,,,73,34,39,4,3,1,69,31,38,23,12,11,69,31,38,46,19,27,19,6,13,0,0,0,35,35,10,19,2,2,1,1,0,25,23,2,2,30,0,8,18
513037711,0,,,61,27,34,3,1,2,58,26,32,31,14,17,56,24,32,27,12,15,14,6,8,0,0,0,29,29,9,13,2,5,0,0,0,20,16,4,1,20,0,7,5
513037712,0,,,28,16,12,0,0,0,28,16,12,16,9,7,26,15,11,12,7,5,3,2,1,3,3,0,12,12,3,5,2,1,1,0,0,9,8,1,0,8,0,0,3
513037713,2,513037714,,1,1,0,*,*,*,*,*,*,*,*,*,*,*,*,*,*,*,*,*,*,*,*,*,1,1,*,*,*,*,*,*,*,*,*,*,*,*,*,*,*
513037714,1,,513037713,166,79,87,14,4,10,153,76,77,80,42,38,147,73,74,73,34,39,37,17,20,0,0,0,78,78,27,31,10,7,4,0,0,51,44,7,0,50,0,18,19
513037721,2,513037723,,1,0,1,*,*,*,*,*,*,*,*,*,*,*,*,*,*,*,*,*,*,*,*,*,1,1,*,*,*,*,*,*,*,*,*,*,*,*,*,*,*
513037723,1,,513037721,33,15,18,1,0,1,33,15,18,14,9,5,33,15,18,19,6,13,12,4,8,0,0,0,16,16,7,4,5,1,0,0,0,10,8,2,0,13,0,5,4
513037731,2,513037732,,3,1,2,*,*,*,*,*,*,*,*,*,*,*,*,*,*,*,*,*,*,*,*,*,2,2,*,*,*,*,*,*,*,*,*,*,*,*,*,*,*
513037732,1,,513037731,20,9,11,0,0,0,23,10,13,12,5,7,23,10,13,11,5,6,5,2,3,0,0,0,8,8,3,2,4,1,0,0,0,7,4,3,0,7,0,2,1
513037733,0,,,13,6,7,2,1,1,11,5,6,7,4,3,10,4,6,4,1,3,3,1,2,0,0,0,5,5,1,2,1,0,1,0,0,4,3,1,0,3,0,1,1
513037743,0,,,19,8,11,1,0,1,18,8,10,12,5,7,18,8,10,6,3,3,2,0,2,0,0,0,5,5,0,0,4,0,0,0,1,5,2,3,0,4,0,0,0
513037744,0,,,16,9,7,2,2,0,14,7,7,5,4,1,14,7,7,9,3,6,3,2,1,0,0,0,7,7,1,5,0,0,1,0,0,6,5,1,1,6,0,0,2
513037751,2,513037752,,7,3,4,*,*,*,*,*,*,*,*,*,*,*,*,*,*,*,*,*,*,*,*,*,3,3,*,*,*,*,*,*,*,*,*,*,*,*,*,*,*
513037752,1,,513037751,22,10,12,2,1,1,27,12,15,14,7,7,26,11,15,13,5,8,10,4,6,0,0,0,9,9,2,5,3,2,0,0,0,10,8,2,1,8,0,1,3
513037754,0,,,29,15,14,2,2,0,27,13,14,15,7,8,24,11,13,12,6,6,9,5,4,0,0,0,8,8,0,3,2,0,1,2,0,8,5,3,0,7,0,0,3
513037761,1,,513037762;513037763,9,4,5,0,0,0,14,7,7,5,3,2,14,7,7,9,4,5,7,4,3,0,0,0,5,5,4,1,0,2,0,0,0,3,1,2,0,6,0,3,0
513037762,2,513037761,,4,2,2,*,*,*,*,*,*,*,*,*,*,*,*,*,*,*,*,*,*,*,*,*,1,1,*,*,*,*,*,*,*,*,*,*,*,*,*,*,*
513037763,2,513037761,,1,1,0,*,*,*,*,*,*,*,*,*,*,*,*,*,*,*,*,*,*,*,*,*,1,1,*,*,*,*,*,*,*,*,*,*,*,*,*,*,*
513037774,0,,,19,8,11,0,0,0,19,8,11,9,3,6,19,8,11,10,5,5,6,2,4,0,0,0,7,7,1,2,3,0,1,0,0,6,5,1,0,6,0,1,2
513037793,2,513037882,,6,3,3,*,*,*,*,*,*,*,*,*,*,*,*,*,*,*,*,*,*,*,*,*,2,2,*,*,*,*,*,*,*,*,*,*,*,*,*,*,*
513037811,2,513037812,,7,3,4,*,*,*,*,*,*,*,*,*,*,*,*,*,*,*,*,*,*,*,*,*,5,5,*,*,*,*,*,*,*,*,*,*,*,*,*,*,*
513037812,1,,513037811,127,57,70,2,0,2,132,60,72,47,25,22,131,59,72,85,35,50,52,20,32,0,0,0,67,67,30,30,9,0,2,0,1,42,40,2,0,57,0,26,21
513037814,0,,,53,26,27,0,0,0,53,26,27,27,15,12,53,26,27,26,11,15,16,7,9,0,0,0,26,26,8,10,7,1,0,0,0,18,17,1,0,17,0,4,8
513037831,2,513037832,,3,1,2,*,*,*,*,*,*,*,*,*,*,*,*,*,*,*,*,*,*,*,*,*,1,1,*,*,*,*,*,*,*,*,*,*,*,*,*,*,*
513037832,1,,513037831;513037833;513037834,8,3,5,1,1,0,17,6,11,7,3,4,17,6,11,10,3,7,6,1,5,0,0,0,2,2,0,2,3,0,1,0,0,6,2,4,0,6,0,0,1
513037833,2,513037832,,2,1,1,*,*,*,*,*,*,*,*,*,*,*,*,*,*,*,*,*,*,*,*,*,1,1,*,*,*,*,*,*,*,*,*,*,*,*,*,*,*
513037834,2,513037832,,5,2,3,*,*,*,*,*,*,*,*,*,*,*,*,*,*,*,*,*,*,*,*,*,2,2,*,*,*,*,*,*,*,*,*,*,*,*,*,*,*
513037842,1,,513037844,8,3,5,0,0,0,14,4,10,7,1,6,13,4,9,7,3,4,4,2,2,0,0,0,2,2,0,0,3,0,1,0,0,4,2,2,0,4,0,0,0
513037844,2,513037842,,6,1,5,*,*,*,*,*,*,*,*,*,*,*,*,*,*,*,*,*,*,*,*,*,2,2,*,*,*,*,*,*,*,*,*,*,*,*,*,*,*
513037851,2,513037853,,9,3,6,*,*,*,*,*,*,*,*,*,*,*,*,*,*,*,*,*,*,*,*,*,7,7,*,*,*,*,*,*,*,*,*,*,*,*,*,*,*
513037852,2,513037853,,13,10,3,*,*,*,*,*,*,*,*,*,*,*,*,*,*,*,*,*,*,*,*,*,5,5,*,*,*,*,*,*,*,*,*,*,*,*,*,*,*
513037853,1,,513037851;513037852;513037863,3,1,2,0,0,0,35,19,16,13,9,4,35,19,16,22,10,12,14,5,9,0,0,0,1,1,5,5,4,2,0,0,0,11,9,2,0,14,0,5,3
513037863,2,513037853,,10,5,5,*,*,*,*,*,*,*,*,*,*,*,*,*,*,*,*,*,*,*,*,*,3,3,*,*,*,*,*,*,*,*,*,*,*,*,*,*,*
513037872,0,,,19,9,10,0,0,0,19,9,10,8,4,4,19,9,10,11,5,6,7,4,3,0,0,0,8,8,2,4,1,0,0,1,0,6,4,2,0,7,0,2,2
513037881,2,513037882,,7,4,3,*,*,*,*,*,*,*,*,*,*,*,*,*,*,*,*,*,*,*,*,*,2,2,*,*,*,*,*,*,*,*,*,*,*,*,*,*,*
513037882,1,,513037793;513037881;513037883;513037992,5,2,3,0,0,0,24,12,12,10,7,3,24,12,12,14,5,9,11,3,8,0,0,0,4,4,3,5,1,2,0,0,0,8,6,2,0,10,0,3,2
513037883,2,513037882,,4,2,2,*,*,*,*,*,*,*,*,*,*,*,*,*,*,*,*,*,*,*,*,*,2,2,*,*,*,*,*,*,*,*,*,*,*,*,*,*,*
513037912,1,,513037921;513037924,75,37,38,9,5,4,72,34,38,32,18,14,70,32,38,40,16,24,14,6,8,0,0,0,36,36,18,11,4,2,3,1,0,20,15,5,2,30,0,14,8
513037914,0,,,22,10,12,3,1,2,19,9,10,10,5,5,19,9,10,9,4,5,3,1,2,1,0,1,7,7,1,2,1,2,0,1,0,6,4,2,1,6,0,1,2
513037921,2,513037912,,5,2,3,*,*,*,*,*,*,*,*,*,*,*,*,*,*,*,*,*,*,*,*,*,2,2,*,*,*,*,*,*,*,*,*,*,*,*,*,*,*
513037924,2,513037912,,1,0,1,*,*,*,*,*,*,*,*,*,*,*,*,*,*,*,*,*,*,*,*,*,1,1,*,*,*,*,*,*,*,*,*,*,*,*,*,*,*
513037931,2,513037932,,14,6,8,*,*,*,*,*,*,*,*,*,*,*,*,*,*,*,*,*,*,*,*,*,2,2,*,*,*,*,*,*,*,*,*,*,*,*,*,*,*
513037932,1,,513037931,35,19,16,10,6,4,39,19,20,21,11,10,38,18,20,18,8,10,10,3,7,0,0,0,10,10,1,2,2,3,1,0,3,11,3,8,3,11,0,1,1
513037933,2,513037934,,10,4,6,*,*,*,*,*,*,*,*,*,*,*,*,*,*,*,*,*,*,*,*,*,4,4,*,*,*,*,*,*,*,*,*,*,*,*,*,*,*
513037934,1,,513037933,53,28,25,9,5,4,54,27,27,33,18,15,50,24,26,21,9,12,14,7,7,0,0,0,20,20,5,10,3,3,2,0,1,19,17,2,1,14,0,4,4
513037941,1,,513037942;513037944,1,0,1,0,0,0,18,9,9,8,3,5,18,9,9,10,6,4,7,5,2,0,0,0,1,1,4,3,1,0,1,0,0,5,3,2,0,7,0,3,2
513037942,2,513037941,,7,4,3,*,*,*,*,*,*,*,*,*,*,*,*,*,*,*,*,*,*,*,*,*,3,3,*,*,*,*,*,*,*,*,*,*,*,*,*,*,*
513037944,2,513037941,,10,5,5,*,*,*,*,*,*,*,*,*,*,*,*,*,*,*,*,*,*,*,*,*,5,5,*,*,*,*,*,*,*,*,*,*,*,*,*,*,*
513037951,2,513037953,,7,3,4,*,*,*,*,*,*,*,*,*,*,*,*,*,*,*,*,*,*,*,*,*,3,3,*,*,*,*,*,*,*,*,*,*,*,*,*,*,*
513037953,1,,513037951,22,9,13,0,0,0,29,12,17,13,6,7,29,12,17,16,6,10,9,3,6,0,0,0,10,10,1,8,4,0,0,0,0,12,9,3,0,10,0,0,5
513037971,2,513037972,,5,2,3,*,*,*,*,*,*,*,*,*,*,*,*,*,*,*,*,*,*,*,*,*,3,3,*,*,*,*,*,*,*,*,*,*,*,*,*,*,*
513037972,1,,513037971,17,6,11,1,0,1,21,8,13,8,3,5,21,8,13,13,5,8,7,2,5,0,0,0,7,7,4,2,3,0,1,0,0,6,3,3,0,9,0,4,0
513037974,0,,,13,4,9,0,0,0,13,4,9,2,1,1,13,4,9,11,3,8,6,2,4,0,0,0,6,6,2,2,1,1,0,0,0,4,2,2,0,5,0,1,1
513037981,1,,513037982;513037984,21,10,11,1,1,0,25,11,14,10,7,3,24,11,13,15,4,11,8,2,6,0,0,0,7,7,3,4,1,0,1,0,1,7,4,3,0,10,0,3,2
513037982,2,513037981,,3,1,2,*,*,*,*,*,*,*,*,*,*,*,*,*,*,*,*,*,*,*,*,*,2,2,*,*,*,*,*,*,*,*,*,*,*,*,*,*,*
513037983,0,,,11,5,6,0,0,0,11,5,6,6,3,3,11,5,6,5,2,3,3,1,2,0,0,0,5,5,2,1,1,1,0,0,0,2,0,2,0,2,0,0,0
513037984,2,513037981,,2,1,1,*,*,*,*,*,*,*,*,*,*,*,*,*,*,*,*,*,*,*,*,*,1,1,*,*,*,*,*,*,*,*,*,*,*,*,*,*,*
513037992,2,513037882,,2,1,1,*,*,*,*,*,*,*,*,*,*,*,*,*,*,*,*,*,*,*,*,*,1,1,*,*,*,*,*,*,*,*,*,*,*,*,*,*,*
513046172,2,513046174,,8,4,4,*,*,*,*,*,*,*,*,*,*,*,*,*,*,*,*,*,*,*,*,*,3,3,*,*,*,*,*,*,*,*,*,*,*,*,*,*,*
513046174,1,,513046172,95,44,51,12,9,3,91,39,52,51,21,30,89,38,51,40,18,22,13,3,10,0,0,0,34,34,9,15,4,2,4,0,3,28,20,8,1,28,0,6,6
513046181,0,,,21,10,11,3,2,1,18,8,10,11,6,5,17,7,10,7,2,5,4,1,3,0,0,0,7,7,2,2,1,0,1,0,1,5,3,2,1,5,0,2,0
513046183,0,,,181,80,101,17,9,8,164,71,93,80,39,41,163,71,92,84,32,52,44,16,28,0,0,0,69,69,16,26,12,6,4,2,3,53,34,19,3,55,0,11,17
513046272,0,,,18,9,9,1,1,0,17,8,9,9,4,5,16,8,8,8,4,4,3,1,2,0,0,0,7,7,2,2,2,0,0,1,0,5,4,1,0,5,0,2,2
513046281,0,,,64,33,31,6,2,4,58,31,27,38,24,14,54,28,26,20,7,13,12,4,8,0,0,0,22,22,5,7,4,3,0,1,2,17,12,5,1,13,0,5,2
513046282,2,513046284,,5,1,4,*,*,*,*,*,*,*,*,*,*,*,*,*,*,*,*,*,*,*,*,*,3,3,*,*,*,*,*,*,*,*,*,*,*,*,*,*,*
513046284,1,,513046282,9,3,6,1,0,1,13,4,9,7,3,4,12,4,8,6,1,5,5,1,4,0,0,0,3,3,3,0,1,2,0,0,0,3,1,2,1,5,0,3,0
513046291,2,513046293,,10,5,5,*,*,*,*,*,*,*,*,*,*,*,*,*,*,*,*,*,*,*,*,*,3,3,*,*,*,*,*,*,*,*,*,*,*,*,*,*,*
513046293,1,,513046291,134,60,74,8,2,6,136,63,73,69,36,33,134,62,72,67,27,40,39,12,27,0,0,0,48,48,11,13,14,7,1,4,1,39,19,20,3,44,0,10,8
513046294,0,,,63,31,32,6,3,3,57,28,29,27,15,12,55,28,27,30,13,17,17,7,10,0,0,0,22,22,5,5,7,1,2,1,1,17,12,5,2,19,0,4,3
513046392,0,,,64,32,32,6,4,2,58,28,30,28,17,11,54,26,28,30,11,19,19,7,12,1,0,1,25,25,8,10,2,1,1,1,2,17,12,5,1,20,0,7,6
513047012,0,,,10,5,5,1,1,0,9,4,5,3,1,2,9,4,5,6,3,3,1,1,0,0,0,0,4,4,0,3,0,1,0,0,0,3,2,1,0,4,0,0,1
513047013,2,513047014,,2,1,1,*,*,*,*,*,*,*,*,*,*,*,*,*,*,*,*,*,*,*,*,*,1,1,*,*,*,*,*,*,*,*,*,*,*,*,*,*,*
513047014,1,,513047013,44,16,28,0,0,0,46,17,29,17,7,10,46,17,29,29,10,19,15,2,13,0,0,0,16,15,2,7,6,1,0,0,0,14,9,5,0,13,0,1,3
513047031,0,,,54,28,26,4,2,2,50,26,24,30,16,14,45,24,21,20,10,10,7,4,3,0,0,0,19,19,3,5,6,3,1,1,0,16,11,5,0,11,0,2,5
513047032,0,,,40,19,21,0,0,0,40,19,21,14,6,8,40,19,21,26,13,13,14,6,8,0,0,0,20,20,6,9,4,1,0,0,0,14,11,3,0,18,0,6,5
513047033,0,,,20,8,12,0,0,0,20,8,12,10,6,4,19,7,12,10,2,8,9,2,7,0,0,0,9,9,3,3,1,2,0,0,0,6,4,2,0,8,0,3,2
513047034,0,,,70,33,37,1,1,0,69,32,37,25,13,12,68,32,36,44,19,25,26,10,16,0,0,0,34,34,12,14,4,2,2,0,0,22,16,6,0,31,0,11,8
513047041,0,,,66,32,34,4,2,2,62,30,32,33,18,15,60,29,31,29,12,17,17,7,10,2,1,1,30,30,11,9,5,4,0,1,0,19,16,3,1,20,0,9,5
513047042,0,,,24,11,13,3,2,1,21,9,12,10,5,5,20,8,12,11,4,7,6,1,5,0,0,0,9,9,2,2,3,1,1,0,0,7,4,3,0,8,0,2,2
513047043,0,,,180,88,92,13,8,5,167,80,87,71,43,28,164,78,86,96,37,59,66,21,45,0,0,0,75,74,25,28,11,2,4,3,1,49,38,11,4,56,1,17,17
513047044,0,,,56,28,28,7,4,3,49,24,25,24,12,12,49,24,25,25,12,13,16,9,7,0,0,0,22,22,3,12,4,1,1,0,1,19,15,4,2,17,0,3,7
513047051,0,,,12,6,6,0,0,0,12,6,6,4,3,1,10,4,6,8,3,5,4,1,3,0,0,0,6,6,2,3,0,1,0,0,0,4,4,0,0,5,0,2,2
513047064,2,513047162,,3,1,2,*,*,*,*,*,*,*,*,*,*,*,*,*,*,*,*,*,*,*,*,*,1,1,*,*,*,*,*,*,*,*,*,*,*,*,*,*,*
513047072,2,513047162,,2,1,1,*,*,*,*,*,*,*,*,*,*,*,*,*,*,*,*,*,*,*,*,*,1,1,*,*,*,*,*,*,*,*,*,*,*,*,*,*,*
513047081,2,513047083,,9,5,4,*,*,*,*,*,*,*,*,*,*,*,*,*,*,*,*,*,*,*,*,*,4,4,*,*,*,*,*,*,*,*,*,*,*,*,*,*,*
513047082,2,513047083,,3,1,2,*,*,*,*,*,*,*,*,*,*,*,*,*,*,*,*,*,*,*,*,*,1,1,*,*,*,*,*,*,*,*,*,*,*,*,*,*,*
513047083,1,,513047081;513047082,9,4,5,2,2,0,19,8,11,9,4,5,19,8,11,10,4,6,7,2,5,0,0,0,5,5,3,4,2,1,0,0,0,7,7,0,1,7,0,3,3
513047084,1,,513047091,11,4,7,1,0,1,11,4,7,6,3,3,11,4,7,5,1,4,5,1,4,0,0,0,6,6,4,1,2,0,0,0,0,3,1,2,0,5,0,3,0
513047091,2,513047084,,1,0,1,*,*,*,*,*,*,*,*,*,*,*,*,*,*,*,*,*,*,*,*,*,1,1,*,*,*,*,*,*,*,*,*,*,*,*,*,*,*
513047111,0,,,64,27,37,2,1,1,62,26,36,43,16,27,55,26,29,19,10,9,14,8,6,2,0,2,46,46,33,10,1,2,0,0,0,13,13,0,1,11,16,3,8
513047112,0,,,38,15,23,3,1,2,35,14,21,21,7,14,34,14,20,14,7,7,9,4,5,0,0,0,14,14,5,2,3,0,4,0,0,9,4,5,0,11,0,2,1
513047114,0,,,10,4,6,0,0,0,10,4,6,7,3,4,10,4,6,3,1,2,1,0,1,0,0,0,5,5,2,2,0,1,0,0,0,3,3,0,0,2,0,1,1
513047121,0,,,13,5,8,0,0,0,13,5,8,6,3,3,13,5,8,7,2,5,4,1,3,0,0,0,6,6,2,2,1,1,0,0,0,4,3,1,0,5,0,2,0
513047132,0,,,50,21,29,2,1,1,48,20,28,17,7,10,47,20,27,31,13,18,17,6,11,0,0,0,27,27,11,9,7,0,0,0,0,15,14,1,1,23,0,10,6
513047134,0,,,132,55,77,10,5,5,122,50,72,59,27,32,118,49,69,63,23,40,28,10,18,0,0,0,58,58,18,23,7,7,0,2,1,40,28,12,1,41,0,13,12
513047141,0,,,24,13,11,2,2,0,22,11,11,12,6,6,22,11,11,10,5,5,6,3,3,0,0,0,13,13,4,7,2,0,0,0,0,9,9,0,0,7,0,3,4
513047142,1,,513047144,76,33,43,8,4,4,72,30,42,34,16,18,71,29,42,38,14,24,21,6,15,0,0,0,36,36,13,15,6,2,1,1,0,25,22,3,2,27,0,12,9
513047143,0,,,54,26,28,5,3,2,49,23,26,23,11,12,48,23,25,26,12,14,13,6,7,0,0,0,21,21,5,8,3,2,2,1,0,16,13,3,1,16,0,3,4
513047144,2,513047142,,4,1,3,*,*,*,*,*,*,*,*,*,*,*,*,*,*,*,*,*,*,*,*,*,2,2,*,*,*,*,*,*,*,*,*,*,*,*,*,*,*
513047151,2,513047153,,4,3,1,*,*,*,*,*,*,*,*,*,*,*,*,*,*,*,*,*,*,*,*,*,3,3,*,*,*,*,*,*,*,*,*,*,*,*,*,*,*
513047153,1,,513047151,11,4,7,0,0,0,15,7,8,4,3,1,15,7,8,11,4,7,6,2,4,0,0,0,5,5,4,2,1,1,0,0,0,4,2,2,0,6,0,2,2
513047154,1,,513047252,19,7,12,1,1,0,29,10,19,11,3,8,28,10,18,18,7,11,11,4,7,0,0,0,9,9,2,5,2,3,0,0,0,10,6,4,0,11,0,2,4
513047162,1,,513047064;513047072,21,7,14,1,0,1,25,9,16,12,5,7,25,9,16,13,4,9,11,3,8,0,0,0,9,9,3,3,3,2,0,0,0,8,5,3,0,10,0,3,2
513047164,0,,,13,6,7,1,1,0,12,5,7,6,2,4,11,5,6,6,3,3,2,0,2,0,0,0,4,4,0,1,2,0,1,0,0,4,3,1,0,3,0,0,0
513047171,2,513047174,,4,2,2,*,*,*,*,*,*,*,*,*,*,*,*,*,*,*,*,*,*,*,*,*,1,1,*,*,*,*,*,*,*,*,*,*,*,*,*,*,*
513047173,2,513047174,,8,2,6,*,*,*,*,*,*,*,*,*,*,*,*,*,*,*,*,*,*,*,*,*,4,4,*,*,*,*,*,*,*,*,*,*,*,*,*,*,*
513047174,1,,513047171;513047173,16,9,7,2,1,1,26,12,14,16,8,8,25,11,14,10,4,6,6,3,3,0,0,0,6,6,2,4,2,3,0,0,0,9,7,2,0,6,0,1,2
513047181,2,513047182,,11,3,8,*,*,*,*,*,*,*,*,*,*,*,*,*,*,*,*,*,*,*,*,*,4,4,*,*,*,*,*,*,*,*,*,*,*,*,*,*,*
513047182,1,,513047181,5,3,2,0,0,0,16,6,10,4,2,2,16,6,10,12,4,8,9,2,7,0,0,0,3,3,2,3,1,0,1,0,0,5,2,3,0,6,0,2,1
513047183,1,,513047281,20,9,11,1,1,0,21,9,12,9,3,6,21,9,12,12,6,6,5,2,3,0,0,0,9,9,2,6,1,0,1,0,0,8,7,1,1,8,0,2,4
513047203,0,,,16,10,6,0,0,0,16,10,6,9,7,2,16,10,6,7,3,4,3,1,2,0,0,0,6,6,0,4,1,0,1,0,0,6,5,1,0,5,0,0,2
513047221,0,,,206,95,111,6,2,4,200,93,107,75,34,41,196,92,104,125,59,66,46,22,24,0,0,0,99,99,24,54,13,7,0,0,1,75,71,4,1,79,0,19,44
513047222,0,,,74,34,40,0,0,0,74,34,40,33,15,18,74,34,40,41,19,22,20,7,13,0,0,0,33,33,8,14,7,3,1,0,0,25,19,6,0,26,0,5,9
513047223,1,,513047224,185,74,111,4,2,2,184,72,112,71,32,39,180,70,110,113,40,73,58,10,48,0,0,0,103,103,47,42,9,5,2,0,0,57,48,9,1,87,1,40,22
513047224,2,513047223,,3,0,3,*,*,*,*,*,*,*,*,*,*,*,*,*,*,*,*,*,*,*,*,*,2,2,*,*,*,*,*,*,*,*,*,*,*,*,*,*,*
513047252,2,513047154,,11,4,7,*,*,*,*,*,*,*,*,*,*,*,*,*,*,*,*,*,*,*,*,*,3,3,*,*,*,*,*,*,*,*,*,*,*,*,*,*,*
513047262,0,,,15,8,7,0,0,0,15,8,7,15,8,7,11,5,6,0,0,0,0,0,0,0,0,0,5,5,0,1,3,1,0,0,0,5,5,0,0,0,0,0,0
513047264,0,,,11,6,5,1,1,0,10,5,5,6,2,4,9,4,5,4,3,1,1,1,0,0,0,0,5,5,2,1,1,1,0,0,0,3,3,0,0,3,0,1,1
513047271,2,513047272,,4,2,2,*,*,*,*,*,*,*,*,*,*,*,*,*,*,*,*,*,*,*,*,*,2,2,*,*,*,*,*,*,*,*,*,*,*,*,*,*,*
513047272,1,,513047271,80,38,42,0,0,0,84,40,44,35,17,18,79,38,41,49,23,26,23,9,14,0,0,0,36,36,9,18,6,4,1,0,0,29,22,7,0,33,0,9,12
513047273,0,,,26,10,16,4,4,0,22,6,16,15,3,12,20,6,14,7,3,4,3,2,1,7,0,7,14,14,9,2,0,2,1,0,0,5,4,1,1,4,1,1,2
513047274,0,,,90,42,48,18,11,7,72,31,41,40,19,21,71,31,40,32,12,20,13,5,8,0,0,0,33,33,11,8,5,4,2,1,2,22,16,6,4,22,0,9,5
513047281,2,513047183,,2,1,1,*,*,*,*,*,*,*,*,*,*,*,*,*,*,*,*,*,*,*,*,*,1,1,*,*,*,*,*,*,*,*,*,*,*,*,*,*,*
513047301,1,,513047303,32,17,15,0,0,0,38,20,18,18,11,7,36,18,18,20,9,11,11,5,6,0,0,0,15,15,6,8,2,0,2,0,0,12,9,3,0,15,0,4,3
513047303,2,513047301,,6,3,3,*,*,*,*,*,*,*,*,*,*,*,*,*,*,*,*,*,*,*,*,*,3,3,*,*,*,*,*,*,*,*,*,*,*,*,*,*,*
513047321,0,,,15,4,11,0,0,0,15,4,11,4,3,1,15,4,11,11,1,10,10,1,9,0,0,0,5,4,2,2,0,0,0,0,0,2,2,0,0,2,0,1,0
513047371,0,,,15,8,7,2,1,1,13,7,6,9,5,4,13,7,6,4,2,2,2,2,0,0,0,0,8,8,3,4,0,1,0,0,0,5,5,0,0,3,0,2,1
513047372,0,,,309,139,170,11,5,6,298,134,164,99,49,50,294,133,161,199,85,114,128,50,78,0,0,0,127,126,44,52,16,8,4,1,1,82,64,18,4,103,0,33,34
513047381,1,,513047384,55,27,28,0,0,0,58,29,29,25,13,12,58,29,29,33,16,17,14,6,8,0,0,0,30,30,9,17,5,0,0,0,0,22,20,2,0,24,0,7,9
513047384,2,513047381,,3,2,1,*,*,*,*,*,*,*,*,*,*,*,*,*,*,*,*,*,*,*,*,*,1,1,*,*,*,*,*,*,*,*,*,*,*,*,*,*,*
513047392,2,513047394,,7,2,5,*,*,*,*,*,*,*,*,*,*,*,*,*,*,*,*,*,*,*,*,*,4,4,*,*,*,*,*,*,*,*,*,*,*,*,*,*,*
513047394,1,,513047392,12,4,8,3,0,3,16,6,10,13,6,7,16,6,10,3,0,3,3,0,3,0,0,0,2,2,2,2,1,0,0,0,1,4,2,2,1,3,0,1,0
513047482,2,513047491,,5,2,3,*,*,*,*,*,*,*,*,*,*,*,*,*,*,*,*,*,*,*,*,*,1,1,*,*,*,*,*,*,*,*,*,*,*,*,*,*,*
513047491,1,,513047482,21,11,10,3,1,2,23,12,11,8,6,2,23,12,11,15,6,9,8,4,4,0,0,0,9,9,0,7,1,1,1,0,0,9,8,1,0,8,0,0,5
513047492,0,,,13,6,7,0,0,0,13,6,7,4,3,1,13,6,7,9,3,6,5,3,2,0,0,0,6,6,2,2,1,1,0,0,0,4,3,1,0,6,0,2,2
513047494,0,,,45,22,23,0,0,0,45,22,23,26,12,14,44,21,23,19,10,9,14,8,6,0,0,0,16,16,4,4,3,2,2,1,0,11,6,5,0,13,0,3,2
513047654,0,,,13,5,8,0,0,0,13,5,8,6,3,3,13,5,8,7,2,5,5,2,3,0,0,0,8,8,3,5,0,0,0,0,0,5,5,0,0,5,0,1,2
513047663,0,,,8,4,4,0,0,0,8,4,4,2,1,1,8,4,4,6,3,3,3,2,1,0,0,0,5,5,2,3,0,0,0,0,0,3,3,0,0,4,0,2,2
513047751,1,,513047754,12,5,7,2,0,2,15,8,7,7,4,3,15,8,7,8,4,4,5,2,3,0,0,0,6,6,3,2,2,1,0,0,0,5,4,1,0,5,0,2,1
513047754,2,513047751,,5,3,2,*,*,*,*,*,*,*,*,*,*,*,*,*,*,*,*,*,*,*,*,*,2,2,*,*,*,*,*,*,*,*,*,*,*,*,*,*,*
513047763,2,513047861,,5,3,2,*,*,*,*,*,*,*,*,*,*,*,*,*,*,*,*,*,*,*,*,*,2,2,*,*,*,*,*,*,*,*,*,*,*,*,*,*,*
513047852,2,513047861,,9,4,5,*,*,*,*,*,*,*,*,*,*,*,*,*,*,*,*,*,*,*,*,*,4,4,*,*,*,*,*,*,*,*,*,*,*,*,*,*,*
513047861,1,,513047763;513047852,11,5,6,3,1,2,22,11,11,10,4,6,20,10,10,12,7,5,4,3,1,0,0,0,3,3,2,4,0,2,0,0,1,5,2,3,1,6,0,1,1
513047863,0,,,88,34,54,5,2,3,83,32,51,30,12,18,82,31,51,53,20,33,36,15,21,0,0,0,42,42,17,14,4,5,1,1,0,24,20,4,0,36,0,15,11
513047864,0,,,222,111,111,15,9,6,207,102,105,79,45,34,201,99,102,128,57,71,76,35,41,0,0,0,109,109,35,49,18,2,3,2,0,74,66,8,2,87,0,30,31
513047872,2,513047874,,9,5,4,*,*,*,*,*,*,*,*,*,*,*,*,*,*,*,*,*,*,*,*,*,2,2,*,*,*,*,*,*,*,*,*,*,*,*,*,*,*
513047873,0,,,69,32,37,10,4,6,59,28,31,40,20,20,57,28,29,19,8,11,14,6,8,0,0,0,28,28,6,11,6,2,3,0,0,22,18,4,4,14,0,4,3
513047874,1,,513047872,159,65,94,7,4,3,161,66,95,65,29,36,155,64,91,96,37,59,51,19,32,0,0,0,78,78,27,32,14,4,1,0,2,53,42,11,1,67,0,24,20
513047881,0,,,51,28,23,1,0,1,50,28,22,28,15,13,48,26,22,22,13,9,14,8,6,0,0,0,20,20,2,10,5,1,2,0,0,18,14,4,0,15,0,1,6
513047882,1,,513047884,30,16,14,6,4,2,95,22,73,14,8,6,92,20,72,81,14,67,74,12,62,0,0,0,8,8,2,2,2,1,0,1,1,7,5,2,1,7,1,1,2
513047883,0,,,12,7,5,0,0,0,12,7,5,8,5,3,11,6,5,4,2,2,2,1,1,0,0,0,5,5,0,3,2,0,0,0,0,5,5,0,0,2,0,0,1
513047884,2,513047882,,71,10,61,*,*,*,*,*,*,*,*,*,*,*,*,*,*,*,*,*,*,*,*,*,2,1,*,*,*,*,*,*,*,*,*,*,*,*,*,*,*
513047892,1,,513047894,13,7,6,0,0,0,17,8,9,7,3,4,17,8,9,10,5,5,8,4,4,0,0,0,8,8,6,2,1,1,0,0,0,4,3,1,0,8,0,4,2
513047894,2,513047892,,4,1,3,*,*,*,*,*,*,*,*,*,*,*,*,*,*,*,*,*,*,*,*,*,2,2,*,*,*,*,*,*,*,*,*,*,*,*,*,*,*
513047962,0,,,117,53,64,0,0,0,117,53,64,49,27,22,115,52,63,68,26,42,39,14,25,1,0,1,63,63,30,20,7,5,0,1,0,33,28,5,0,49,0,21,9
513047971,0,,,34,16,18,1,0,1,33,16,17,13,5,8,33,16,17,20,11,9,10,4,6,0,0,0,16,16,3,9,3,1,0,0,0,13,12,1,0,13,0,2,6
513047972,0,,,70,32,38,6,4,2,64,28,36,35,15,20,64,28,36,29,13,16,16,7,9,0,0,0,33,33,10,15,4,2,2,0,0,23,20,3,3,21,0,8,8
513047973,0,,,22,10,12,0,0,0,22,10,12,10,7,3,22,10,12,12,3,9,8,3,5,0,0,0,12,12,5,4,3,0,0,0,0,7,5,2,0,10,0,3,1
513047974,0,,,27,11,16,2,1,1,25,10,15,13,4,9,23,10,13,12,6,6,7,2,5,0,0,0,12,12,4,6,0,0,1,1,0,8,7,1,1,9,0,3,5
513047981,0,,,12,6,6,0,0,0,12,6,6,7,4,3,12,6,6,5,2,3,3,1,2,0,0,0,4,4,1,1,1,0,0,1,0,3,2,1,0,3,0,0,1
513047983,0,,,18,12,6,0,0,0,18,12,6,10,8,2,18,12,6,8,4,4,7,4,3,0,0,0,7,7,2,2,2,0,0,1,0,5,4,1,0,5,0,1,0
513047992,2,513047993,,2,1,1,*,*,*,*,*,*,*,*,*,*,*,*,*,*,*,*,*,*,*,*,*,1,1,*,*,*,*,*,*,*,*,*,*,*,*,*,*,*
513047993,1,,513047992,12,5,7,0,0,0,14,6,8,6,2,4,14,6,8,8,4,4,6,3,3,0,0,0,6,6,3,2,1,1,0,0,0,4,2,2,0,7,0,3,2
513057062,2,513057071,,3,2,1,*,*,*,*,*,*,*,*,*,*,*,*,*,*,*,*,*,*,*,*,*,2,2,*,*,*,*,*,*,*,*,*,*,*,*,*,*,*
513057071,1,,513057062,29,16,13,0,0,0,32,18,14,14,6,8,31,17,14,18,12,6,11,9,2,0,0,0,10,10,2,5,2,2,0,1,0,10,8,2,0,11,0,1,5
513057072,0,,,9,4,5,0,0,0,9,4,5,1,1,0,9,4,5,8,3,5,7,3,4,0,0,0,6,6,3,3,0,0,0,0,0,3,3,0,0,5,0,2,3
513057073,2,513057074,,6,2,4,*,*,*,*,*,*,*,*,*,*,*,*,*,*,*,*,*,*,*,*,*,3,3,*,*,*,*,*,*,*,*,*,*,*,*,*,*,*
513057074,1,,513057073;513057172,30,15,15,1,1,0,37,18,19,13,7,6,35,17,18,24,11,13,14,8,6,0,0,0,14,14,6,10,2,0,0,1,0,13,11,2,0,16,0,6,7
513057081,2,513057084,,3,2,1,*,*,*,*,*,*,*,*,*,*,*,*,*,*,*,*,*,*,*,*,*,1,1,*,*,*,*,*,*,*,*,*,*,*,*,*,*,*
513057083,2,513057084,,6,2,4,*,*,*,*,*,*,*,*,*,*,*,*,*,*,*,*,*,*,*,*,*,3,3,*,*,*,*,*,*,*,*,*,*,*,*,*,*,*
513057084,1,,513057081;513057083,14,7,7,1,1,0,22,10,12,12,5,7,21,10,11,10,5,5,5,2,3,0,0,0,5,5,1,5,2,0,0,1,0,8,7,1,1,8,0,1,3
513057091,2,513057092,,5,3,2,*,*,*,*,*,*,*,*,*,*,*,*,*,*,*,*,*,*,*,*,*,3,3,*,*,*,*,*,*,*,*,*,*,*,*,*,*,*
513057092,1,,513057091,4,2,2,0,0,0,9,5,4,3,1,2,9,5,4,6,4,2,2,1,1,0,0,0,2,2,2,2,1,0,0,0,0,3,3,0,0,4,0,1,2
513057093,2,513057094,,4,2,2,*,*,*,*,*,*,*,*,*,*,*,*,*,*,*,*,*,*,*,*,*,3,3,*,*,*,*,*,*,*,*,*,*,*,*,*,*,*
513057094,1,,513057093;513057192,11,6,5,0,0,0,21,10,11,6,3,3,21,10,11,15,7,8,7,4,3,0,0,0,6,6,4,5,1,1,0,0,0,7,6,1,0,9,1,3,3
513057172,2,513057074,,2,2,0,*,*,*,*,*,*,*,*,*,*,*,*,*,*,*,*,*,*,*,*,*,2,2,*,*,*,*,*,*,*,*,*,*,*,*,*,*,*
513057181,2,513057182,,4,1,3,*,*,*,*,*,*,*,*,*,*,*,*,*,*,*,*,*,*,*,*,*,3,3,*,*,*,*,*,*,*,*,*,*,*,*,*,*,*
513057182,1,,513057181;513057183,5,3,2,0,0,0,16,8,8,4,4,0,16,8,8,12,4,8,10,3,7,0,0,0,3,3,5,4,1,0,0,0,0,5,5,0,0,9,0,4,2
513057183,2,513057182,,7,4,3,*,*,*,*,*,*,*,*,*,*,*,*,*,*,*,*,*,*,*,*,*,4,4,*,*,*,*,*,*,*,*,*,*,*,*,*,*,*
513057192,2,513057094,,6,2,4,*,*,*,*,*,*,*,*,*,*,*,*,*,*,*,*,*,*,*,*,*,2,2,*,*,*,*,*,*,*,*,*,*,*,*,*,*,*
513057272,2,513057281,,4,2,2,*,*,*,*,*,*,*,*,*,*,*,*,*,*,*,*,*,*,*,*,*,2,2,*,*,*,*,*,*,*,*,*,*,*,*,*,*,*
513057281,1,,513057272,4,2,2,0,0,0,8,4,4,0,0,0,8,4,4,8,4,4,4,2,2,0,0,0,2,2,0,4,0,0,0,0,0,4,4,0,0,4,0,0,4
